set EnergyDependentSystematic 4.2e-6
B 	 11.991 	 0 	 20 	 100 	 -2.5 	 -1 	 -100 	 100 	 1.09132 	 0.0615124 	 0.0190957
B 	 11.991 	 20 	 50 	 100 	 -2.5 	 -1 	 -100 	 100 	 1.00833 	 0.00967444 	 0.00246119
B 	 11.991 	 50 	 7000 	 100 	 -2.5 	 -1 	 -100 	 100 	 0.99593 	 0.0278535 	 0.00789628
B 	 11.991 	 0 	 20 	 100 	 -1 	 -0.1 	 -100 	 100 	 1.07794 	 0.0670844 	 0.0417613
B 	 11.991 	 20 	 50 	 100 	 -1 	 -0.1 	 -100 	 100 	 1.00035 	 0.00723741 	 0.00306397
B 	 11.991 	 50 	 7000 	 100 	 -1 	 -0.1 	 -100 	 100 	 0.973185 	 0.0267096 	 0.00588776
B 	 11.991 	 0 	 20 	 100 	 -0.1 	 0 	 -100 	 100 	 1.56789 	 0.157714 	 0.240387
B 	 11.991 	 20 	 50 	 100 	 -0.1 	 0 	 -100 	 100 	 0.977844 	 0.0346965 	 0.00944785
B 	 11.991 	 50 	 7000 	 100 	 -0.1 	 0 	 -100 	 100 	 1.02928 	 0.0113214 	 0.0131545
B 	 11.991 	 0 	 20 	 100 	 0 	 0.1 	 -100 	 100 	 0.75406 	 0.538522 	 0.00653001
B 	 11.991 	 20 	 50 	 100 	 0 	 0.1 	 -100 	 100 	 1.03042 	 0.0170081 	 0.00337609
B 	 11.991 	 50 	 7000 	 100 	 0 	 0.1 	 -100 	 100 	 1.03473 	 0.013389 	 0.0416068
B 	 11.991 	 0 	 20 	 100 	 0.1 	 1 	 -100 	 100 	 1.07128 	 0.0605217 	 0.0181747
B 	 11.991 	 20 	 50 	 100 	 0.1 	 1 	 -100 	 100 	 0.998102 	 0.00718033 	 0.0031685
B 	 11.991 	 50 	 7000 	 100 	 0.1 	 1 	 -100 	 100 	 1.03143 	 0.0114078 	 0.000476952
B 	 11.991 	 0 	 20 	 100 	 1 	 2.5 	 -100 	 100 	 1.05243 	 0.0586329 	 0.00377843
B 	 11.991 	 20 	 50 	 100 	 1 	 2.5 	 -100 	 100 	 1.01698 	 0.00935545 	 0.0105759
B 	 11.991 	 50 	 7000 	 100 	 1 	 2.5 	 -100 	 100 	 1.03272 	 0.0225191 	 0.00631226
D 	 166.467 	 0 	 20 	 100 	 -2.5 	 -1 	 -100 	 100 	 1.03696 	 0.0214557 	 0.0181445
D 	 166.467 	 20 	 50 	 100 	 -2.5 	 -1 	 -100 	 100 	 1.01338 	 0.00314327 	 0.00247352
D 	 166.467 	 50 	 7000 	 100 	 -2.5 	 -1 	 -100 	 100 	 1.02447 	 0.00846512 	 0.00812252
D 	 166.467 	 0 	 20 	 100 	 -1 	 -0.1 	 -100 	 100 	 1.01176 	 0.0245543 	 0.0391975
D 	 166.467 	 20 	 50 	 100 	 -1 	 -0.1 	 -100 	 100 	 0.999496 	 0.00232862 	 0.00306135
D 	 166.467 	 50 	 7000 	 100 	 -1 	 -0.1 	 -100 	 100 	 0.996367 	 0.00667992 	 0.00602801
D 	 166.467 	 0 	 20 	 100 	 -0.1 	 0 	 -100 	 100 	 0.99775 	 0.189552 	 0.152974
D 	 166.467 	 20 	 50 	 100 	 -0.1 	 0 	 -100 	 100 	 1.00075 	 0.0092915 	 0.00966914
D 	 166.467 	 50 	 7000 	 100 	 -0.1 	 0 	 -100 	 100 	 0.967522 	 0.0266601 	 0.0123652
D 	 166.467 	 0 	 20 	 100 	 0 	 0.1 	 -100 	 100 	 0.952496 	 0.192236 	 0.00824844
D 	 166.467 	 20 	 50 	 100 	 0 	 0.1 	 -100 	 100 	 1.0133 	 0.00817369 	 0.00331999
D 	 166.467 	 50 	 7000 	 100 	 0 	 0.1 	 -100 	 100 	 0.982997 	 0.02824 	 0.0395265
D 	 166.467 	 0 	 20 	 100 	 0.1 	 1 	 -100 	 100 	 0.989966 	 0.024048 	 0.0167952
D 	 166.467 	 20 	 50 	 100 	 0.1 	 1 	 -100 	 100 	 1.00079 	 0.00224778 	 0.00317702
D 	 166.467 	 50 	 7000 	 100 	 0.1 	 1 	 -100 	 100 	 1.00057 	 0.00674254 	 0.000462679
D 	 166.467 	 0 	 20 	 100 	 1 	 2.5 	 -100 	 100 	 1.01075 	 0.0196774 	 0.0036288
D 	 166.467 	 20 	 50 	 100 	 1 	 2.5 	 -100 	 100 	 1.01513 	 0.00316135 	 0.0105566
D 	 166.467 	 50 	 7000 	 100 	 1 	 2.5 	 -100 	 100 	 1.00077 	 0.00888653 	 0.00611694
E 	 50.418 	 0 	 20 	 100 	 -2.5 	 -1 	 -100 	 100 	 1.00467 	 0.0311536 	 0.00963403
E 	 50.418 	 20 	 50 	 100 	 -2.5 	 -1 	 -100 	 100 	 1.00415 	 0.00489399 	 0.00677618
E 	 50.418 	 50 	 7000 	 100 	 -2.5 	 -1 	 -100 	 100 	 1.01621 	 0.0125674 	 0.00211385
E 	 50.418 	 0 	 20 	 100 	 -1 	 -0.1 	 -100 	 100 	 0.967299 	 0.0390375 	 0.00398378
E 	 50.418 	 20 	 50 	 100 	 -1 	 -0.1 	 -100 	 100 	 0.996074 	 0.00377565 	 0.000390045
E 	 50.418 	 50 	 7000 	 100 	 -1 	 -0.1 	 -100 	 100 	 1.0129 	 0.00931186 	 0.000879181
E 	 50.418 	 0 	 20 	 100 	 -0.1 	 0 	 -100 	 100 	 0.959764 	 0.229532 	 0.00920865
E 	 50.418 	 20 	 50 	 100 	 -0.1 	 0 	 -100 	 100 	 1.00994 	 0.0129811 	 0.00131046
E 	 50.418 	 50 	 7000 	 100 	 -0.1 	 0 	 -100 	 100 	 1.00718 	 0.0345645 	 0.00846228
E 	 50.418 	 0 	 20 	 100 	 0 	 0.1 	 -100 	 100 	 1.23609 	 0.152112 	 0.0228332
E 	 50.418 	 20 	 50 	 100 	 0 	 0.1 	 -100 	 100 	 1.01858 	 0.011047 	 0.00766935
E 	 50.418 	 50 	 7000 	 100 	 0 	 0.1 	 -100 	 100 	 1.05537 	 0.00654107 	 0.0191657
E 	 50.418 	 0 	 20 	 100 	 0.1 	 1 	 -100 	 100 	 1.01289 	 0.0343035 	 0.001732
E 	 50.418 	 20 	 50 	 100 	 0.1 	 1 	 -100 	 100 	 0.999113 	 0.00346098 	 0.000321441
E 	 50.418 	 50 	 7000 	 100 	 0.1 	 1 	 -100 	 100 	 1.00009 	 0.0101301 	 0.00217927
E 	 50.418 	 0 	 20 	 100 	 1 	 2.5 	 -100 	 100 	 0.996417 	 0.0318879 	 0.00797458
E 	 50.418 	 20 	 50 	 100 	 1 	 2.5 	 -100 	 100 	 1.01375 	 0.00450106 	 0.00502938
E 	 50.418 	 50 	 7000 	 100 	 1 	 2.5 	 -100 	 100 	 1.01093 	 0.0126469 	 0.000277439
F 	 136.759 	 0 	 20 	 100 	 -2.5 	 -1 	 -100 	 100 	 1.02561 	 0.0183354 	 0.00983478
F 	 136.759 	 20 	 50 	 100 	 -2.5 	 -1 	 -100 	 100 	 1.00992 	 0.00285836 	 0.00681516
F 	 136.759 	 50 	 7000 	 100 	 -2.5 	 -1 	 -100 	 100 	 0.991381 	 0.00839034 	 0.0020622
F 	 136.759 	 0 	 20 	 100 	 -1 	 -0.1 	 -100 	 100 	 0.978481 	 0.0220204 	 0.00402983
F 	 136.759 	 20 	 50 	 100 	 -1 	 -0.1 	 -100 	 100 	 1.00135 	 0.00213534 	 0.000392111
F 	 136.759 	 50 	 7000 	 100 	 -1 	 -0.1 	 -100 	 100 	 1.01288 	 0.00552243 	 0.000879157
F 	 136.759 	 0 	 20 	 100 	 -0.1 	 0 	 -100 	 100 	 1.07973 	 0.146087 	 0.0103597
F 	 136.759 	 20 	 50 	 100 	 -0.1 	 0 	 -100 	 100 	 1.00229 	 0.00822391 	 0.00130053
F 	 136.759 	 50 	 7000 	 100 	 -0.1 	 0 	 -100 	 100 	 0.934653 	 0.0387162 	 0.00785292
F 	 136.759 	 0 	 20 	 100 	 0 	 0.1 	 -100 	 100 	 0.962724 	 0.181245 	 0.0177836
F 	 136.759 	 20 	 50 	 100 	 0 	 0.1 	 -100 	 100 	 0.998824 	 0.00821264 	 0.00752062
F 	 136.759 	 50 	 7000 	 100 	 0 	 0.1 	 -100 	 100 	 1.01517 	 0.0206954 	 0.0184356
F 	 136.759 	 0 	 20 	 100 	 0.1 	 1 	 -100 	 100 	 1.0075 	 0.0198677 	 0.00172278
F 	 136.759 	 20 	 50 	 100 	 0.1 	 1 	 -100 	 100 	 1.00239 	 0.00200591 	 0.000322495
F 	 136.759 	 50 	 7000 	 100 	 0.1 	 1 	 -100 	 100 	 1.00581 	 0.0056598 	 0.00219174
F 	 136.759 	 0 	 20 	 100 	 1 	 2.5 	 -100 	 100 	 1.03708 	 0.0179069 	 0.00829999
F 	 136.759 	 20 	 50 	 100 	 1 	 2.5 	 -100 	 100 	 1.0071 	 0.00281246 	 0.00499638
F 	 136.759 	 50 	 7000 	 100 	 1 	 2.5 	 -100 	 100 	 0.991281 	 0.00822833 	 0.000272048
G 	 517.988 	 0 	 20 	 100 	 -2.5 	 -1 	 -100 	 100 	 1.01511 	 0.0111125 	 0.0097341
G 	 517.988 	 20 	 50 	 100 	 -2.5 	 -1 	 -100 	 100 	 1.01013 	 0.00172635 	 0.00681659
G 	 517.988 	 50 	 7000 	 100 	 -2.5 	 -1 	 -100 	 100 	 1.00561 	 0.00482414 	 0.00209179
G 	 517.988 	 0 	 20 	 100 	 -1 	 -0.1 	 -100 	 100 	 0.965505 	 0.0132451 	 0.00397639
G 	 517.988 	 20 	 50 	 100 	 -1 	 -0.1 	 -100 	 100 	 0.999474 	 0.00131404 	 0.000391376
G 	 517.988 	 50 	 7000 	 100 	 -1 	 -0.1 	 -100 	 100 	 0.996023 	 0.00397688 	 0.000864528
G 	 517.988 	 0 	 20 	 100 	 -0.1 	 0 	 -100 	 100 	 1.05574 	 0.104085 	 0.0101295
G 	 517.988 	 20 	 50 	 100 	 -0.1 	 0 	 -100 	 100 	 0.99485 	 0.00525242 	 0.00129088
G 	 517.988 	 50 	 7000 	 100 	 -0.1 	 0 	 -100 	 100 	 0.997657 	 0.0140937 	 0.00838228
G 	 517.988 	 0 	 20 	 100 	 0 	 0.1 	 -100 	 100 	 0.978571 	 0.0931026 	 0.0180763
G 	 517.988 	 20 	 50 	 100 	 0 	 0.1 	 -100 	 100 	 0.994537 	 0.00504762 	 0.00748834
G 	 517.988 	 50 	 7000 	 100 	 0 	 0.1 	 -100 	 100 	 0.993776 	 0.016617 	 0.0180471
G 	 517.988 	 0 	 20 	 100 	 0.1 	 1 	 -100 	 100 	 0.99223 	 0.0124323 	 0.00169667
G 	 517.988 	 20 	 50 	 100 	 0.1 	 1 	 -100 	 100 	 1.00097 	 0.00122985 	 0.000322037
G 	 517.988 	 50 	 7000 	 100 	 0.1 	 1 	 -100 	 100 	 1.00582 	 0.00348307 	 0.00219176
G 	 517.988 	 0 	 20 	 100 	 1 	 2.5 	 -100 	 100 	 1.03642 	 0.0107761 	 0.00829475
G 	 517.988 	 20 	 50 	 100 	 1 	 2.5 	 -100 	 100 	 0.998404 	 0.00176752 	 0.00495324
G 	 517.988 	 50 	 7000 	 100 	 1 	 2.5 	 -100 	 100 	 0.988803 	 0.00506086 	 0.000271367
H 	 264.752 	 0 	 20 	 100 	 -2.5 	 -1 	 -100 	 100 	 1.01466 	 0.0139231 	 0.00972984
H 	 264.752 	 20 	 50 	 100 	 -2.5 	 -1 	 -100 	 100 	 1.01643 	 0.00209399 	 0.00685907
H 	 264.752 	 50 	 7000 	 100 	 -2.5 	 -1 	 -100 	 100 	 1.00103 	 0.00611615 	 0.00208226
H 	 264.752 	 0 	 20 	 100 	 -1 	 -0.1 	 -100 	 100 	 0.993721 	 0.0164265 	 0.00409259
H 	 264.752 	 20 	 50 	 100 	 -1 	 -0.1 	 -100 	 100 	 0.997846 	 0.00168023 	 0.000390739
H 	 264.752 	 50 	 7000 	 100 	 -1 	 -0.1 	 -100 	 100 	 1.00176 	 0.00473202 	 0.000869508
H 	 264.752 	 0 	 20 	 100 	 -0.1 	 0 	 -100 	 100 	 0.959764 	 0.105381 	 0.00920865
H 	 264.752 	 20 	 50 	 100 	 -0.1 	 0 	 -100 	 100 	 0.993677 	 0.00674512 	 0.00128935
H 	 264.752 	 50 	 7000 	 100 	 -0.1 	 0 	 -100 	 100 	 1.00808 	 0.015818 	 0.00846985
H 	 264.752 	 0 	 20 	 100 	 0 	 0.1 	 -100 	 100 	 1.04295 	 0.112674 	 0.0192655
H 	 264.752 	 20 	 50 	 100 	 0 	 0.1 	 -100 	 100 	 0.995332 	 0.00635339 	 0.00749433
H 	 264.752 	 50 	 7000 	 100 	 0 	 0.1 	 -100 	 100 	 0.984622 	 0.02065 	 0.0178809
H 	 264.752 	 0 	 20 	 100 	 0.1 	 1 	 -100 	 100 	 0.989605 	 0.0158506 	 0.00169218
H 	 264.752 	 20 	 50 	 100 	 0.1 	 1 	 -100 	 100 	 0.994964 	 0.00165799 	 0.000320106
H 	 264.752 	 50 	 7000 	 100 	 0.1 	 1 	 -100 	 100 	 0.994157 	 0.00492186 	 0.00216634
H 	 264.752 	 0 	 20 	 100 	 1 	 2.5 	 -100 	 100 	 1.01978 	 0.0139382 	 0.0081616
H 	 264.752 	 20 	 50 	 100 	 1 	 2.5 	 -100 	 100 	 0.992736 	 0.00226009 	 0.00492512
H 	 264.752 	 50 	 7000 	 100 	 1 	 2.5 	 -100 	 100 	 0.994106 	 0.0061845 	 0.000272823
I 	 333.797 	 0 	 20 	 100 	 -2.5 	 -1 	 -100 	 100 	 1.02357 	 0.0119334 	 0.00996683
I 	 333.797 	 20 	 50 	 100 	 -2.5 	 -1 	 -100 	 100 	 0.997121 	 0.00196313 	 0.00321764
I 	 333.797 	 50 	 7000 	 100 	 -2.5 	 -1 	 -100 	 100 	 0.985931 	 0.00542966 	 0.00129699
I 	 333.797 	 0 	 20 	 100 	 -1 	 -0.1 	 -100 	 100 	 0.98591 	 0.0137311 	 0.0141321
I 	 333.797 	 20 	 50 	 100 	 -1 	 -0.1 	 -100 	 100 	 0.99645 	 0.00144313 	 0.00104318
I 	 333.797 	 50 	 7000 	 100 	 -1 	 -0.1 	 -100 	 100 	 0.994238 	 0.00427896 	 0.00145287
I 	 333.797 	 0 	 20 	 100 	 -0.1 	 0 	 -100 	 100 	 1.05994 	 0.100868 	 0.0173346
I 	 333.797 	 20 	 50 	 100 	 -0.1 	 0 	 -100 	 100 	 0.998668 	 0.00521953 	 0.00278925
I 	 333.797 	 50 	 7000 	 100 	 -0.1 	 0 	 -100 	 100 	 0.980987 	 0.0188137 	 0.00899695
I 	 333.797 	 0 	 20 	 100 	 0 	 0.1 	 -100 	 100 	 0.998437 	 0.110414 	 0.0594443
I 	 333.797 	 20 	 50 	 100 	 0 	 0.1 	 -100 	 100 	 0.998867 	 0.00547347 	 0.00211061
I 	 333.797 	 50 	 7000 	 100 	 0 	 0.1 	 -100 	 100 	 0.985255 	 0.0183709 	 0.00516278
I 	 333.797 	 0 	 20 	 100 	 0.1 	 1 	 -100 	 100 	 0.98777 	 0.0137998 	 0.00676199
I 	 333.797 	 20 	 50 	 100 	 0.1 	 1 	 -100 	 100 	 0.994533 	 0.00138859 	 0.00140113
I 	 333.797 	 50 	 7000 	 100 	 0.1 	 1 	 -100 	 100 	 0.988194 	 0.00441853 	 0.0020417
I 	 333.797 	 0 	 20 	 100 	 1 	 2.5 	 -100 	 100 	 1.02133 	 0.0114972 	 0.00480938
I 	 333.797 	 20 	 50 	 100 	 1 	 2.5 	 -100 	 100 	 1.00565 	 0.0018543 	 0.00455129
I 	 333.797 	 50 	 7000 	 100 	 1 	 2.5 	 -100 	 100 	 1.00258 	 0.00533581 	 0.00364244
J 	 233.152 	 0 	 20 	 100 	 -2.5 	 -1 	 -100 	 100 	 1.00806 	 0.0159522 	 0.00981575
J 	 233.152 	 20 	 50 	 100 	 -2.5 	 -1 	 -100 	 100 	 1.00891 	 0.00236214 	 0.00325569
J 	 233.152 	 50 	 7000 	 100 	 -2.5 	 -1 	 -100 	 100 	 1.00693 	 0.00640879 	 0.00132461
J 	 233.152 	 0 	 20 	 100 	 -1 	 -0.1 	 -100 	 100 	 1.01749 	 0.0165183 	 0.0145848
J 	 233.152 	 20 	 50 	 100 	 -1 	 -0.1 	 -100 	 100 	 0.997939 	 0.00180765 	 0.00104474
J 	 233.152 	 50 	 7000 	 100 	 -1 	 -0.1 	 -100 	 100 	 0.997742 	 0.00541678 	 0.00145799
J 	 233.152 	 0 	 20 	 100 	 -0.1 	 0 	 -100 	 100 	 0.99016 	 0.142745 	 0.0161933
J 	 233.152 	 20 	 50 	 100 	 -0.1 	 0 	 -100 	 100 	 0.994551 	 0.00685738 	 0.00277775
J 	 233.152 	 50 	 7000 	 100 	 -0.1 	 0 	 -100 	 100 	 0.978627 	 0.0236986 	 0.0089753
J 	 233.152 	 0 	 20 	 100 	 0 	 0.1 	 -100 	 100 	 0.898065 	 0.137089 	 0.0534684
J 	 233.152 	 20 	 50 	 100 	 0 	 0.1 	 -100 	 100 	 1.00733 	 0.00635151 	 0.0021285
J 	 233.152 	 50 	 7000 	 100 	 0 	 0.1 	 -100 	 100 	 0.976692 	 0.0242781 	 0.00511791
J 	 233.152 	 0 	 20 	 100 	 0.1 	 1 	 -100 	 100 	 0.980727 	 0.0176867 	 0.00671378
J 	 233.152 	 20 	 50 	 100 	 0.1 	 1 	 -100 	 100 	 1.0001 	 0.00166213 	 0.00140897
J 	 233.152 	 50 	 7000 	 100 	 0.1 	 1 	 -100 	 100 	 0.998407 	 0.00516352 	 0.0020628
J 	 233.152 	 0 	 20 	 100 	 1 	 2.5 	 -100 	 100 	 1.0017 	 0.0152354 	 0.00471696
J 	 233.152 	 20 	 50 	 100 	 1 	 2.5 	 -100 	 100 	 1.00891 	 0.00234262 	 0.00456604
J 	 233.152 	 50 	 7000 	 100 	 1 	 2.5 	 -100 	 100 	 1.0012 	 0.00672574 	 0.00363743
K 	 576.29 	 0 	 20 	 100 	 -2.5 	 -1 	 -100 	 100 	 1.01421 	 0.0106879 	 0.00987566
K 	 576.29 	 20 	 50 	 100 	 -2.5 	 -1 	 -100 	 100 	 1.00969 	 0.0016186 	 0.00325818
K 	 576.29 	 50 	 7000 	 100 	 -2.5 	 -1 	 -100 	 100 	 1.00167 	 0.00431841 	 0.0013177
K 	 576.29 	 0 	 20 	 100 	 -1 	 -0.1 	 -100 	 100 	 0.98831 	 0.0116504 	 0.0141665
K 	 576.29 	 20 	 50 	 100 	 -1 	 -0.1 	 -100 	 100 	 0.995692 	 0.0012225 	 0.00104238
K 	 576.29 	 50 	 7000 	 100 	 -1 	 -0.1 	 -100 	 100 	 1.00356 	 0.00337209 	 0.00146649
K 	 576.29 	 0 	 20 	 100 	 -0.1 	 0 	 -100 	 100 	 1.02614 	 0.081204 	 0.0167817
K 	 576.29 	 20 	 50 	 100 	 -0.1 	 0 	 -100 	 100 	 0.999343 	 0.00436551 	 0.00279114
K 	 576.29 	 50 	 7000 	 100 	 -0.1 	 0 	 -100 	 100 	 1.01785 	 0.0118439 	 0.00933501
K 	 576.29 	 0 	 20 	 100 	 0 	 0.1 	 -100 	 100 	 0.886643 	 0.0875077 	 0.0527883
K 	 576.29 	 20 	 50 	 100 	 0 	 0.1 	 -100 	 100 	 0.996027 	 0.00466061 	 0.00210461
K 	 576.29 	 50 	 7000 	 100 	 0 	 0.1 	 -100 	 100 	 1.0241 	 0.0109415 	 0.00536632
K 	 576.29 	 0 	 20 	 100 	 0.1 	 1 	 -100 	 100 	 0.993307 	 0.0113464 	 0.0067999
K 	 576.29 	 20 	 50 	 100 	 0.1 	 1 	 -100 	 100 	 0.996676 	 0.00114051 	 0.00140415
K 	 576.29 	 50 	 7000 	 100 	 0.1 	 1 	 -100 	 100 	 0.995396 	 0.00350651 	 0.00205658
K 	 576.29 	 0 	 20 	 100 	 1 	 2.5 	 -100 	 100 	 1.02344 	 0.00994531 	 0.00481929
K 	 576.29 	 20 	 50 	 100 	 1 	 2.5 	 -100 	 100 	 1.00734 	 0.00159008 	 0.00455893
K 	 576.29 	 50 	 7000 	 100 	 1 	 2.5 	 -100 	 100 	 1.01057 	 0.00447415 	 0.00367146
L 	 1415.9 	 0 	 20 	 100 	 -2.5 	 -1 	 -100 	 100 	 0.982156 	 0.016104 	 0.0143367
L 	 1415.9 	 20 	 50 	 100 	 -2.5 	 -1 	 -100 	 100 	 1.01223 	 0.00288343 	 0.012595
L 	 1415.9 	 50 	 7000 	 100 	 -2.5 	 -1 	 -100 	 100 	 1.01233 	 0.00759313 	 0.00814153
L 	 1415.9 	 0 	 20 	 100 	 -1 	 -0.1 	 -100 	 100 	 0.948114 	 0.0184893 	 0.0127573
L 	 1415.9 	 20 	 50 	 100 	 -1 	 -0.1 	 -100 	 100 	 0.989623 	 0.00189621 	 0.00337686
L 	 1415.9 	 50 	 7000 	 100 	 -1 	 -0.1 	 -100 	 100 	 0.996857 	 0.0057768 	 0.0100645
L 	 1415.9 	 0 	 20 	 100 	 -0.1 	 0 	 -100 	 100 	 1.21946 	 0.26346 	 0.163577
L 	 1415.9 	 20 	 50 	 100 	 -0.1 	 0 	 -100 	 100 	 0.988213 	 0.00635414 	 0.000211558
L 	 1415.9 	 50 	 7000 	 100 	 -0.1 	 0 	 -100 	 100 	 0.975248 	 0.0191332 	 0.000198235
L 	 1415.9 	 0 	 20 	 100 	 0 	 0.1 	 -100 	 100 	 1.00387 	 0.156988 	 0.0860532
L 	 1415.9 	 20 	 50 	 100 	 0 	 0.1 	 -100 	 100 	 1.00153 	 0.00796982 	 0.0168791
L 	 1415.9 	 50 	 7000 	 100 	 0 	 0.1 	 -100 	 100 	 1.02655 	 0.0321518 	 0.0453719
L 	 1415.9 	 0 	 20 	 100 	 0.1 	 1 	 -100 	 100 	 1.01639 	 0.0211268 	 0.0247491
L 	 1415.9 	 20 	 50 	 100 	 0.1 	 1 	 -100 	 100 	 0.992699 	 0.00188032 	 0.00119887
L 	 1415.9 	 50 	 7000 	 100 	 0.1 	 1 	 -100 	 100 	 1.00154 	 0.00614621 	 0.0136896
L 	 1415.9 	 0 	 20 	 100 	 1 	 2.5 	 -100 	 100 	 1.02884 	 0.0174388 	 0.0192416
L 	 1415.9 	 20 	 50 	 100 	 1 	 2.5 	 -100 	 100 	 1.00898 	 0.00277122 	 0.00480456
L 	 1415.9 	 50 	 7000 	 100 	 1 	 2.5 	 -100 	 100 	 1.00498 	 0.00715558 	 0.0161248
M 	 1031.54 	 0 	 20 	 100 	 -2.5 	 -1 	 -100 	 100 	 0.97798 	 0.0164619 	 0.0142758
M 	 1031.54 	 20 	 50 	 100 	 -2.5 	 -1 	 -100 	 100 	 1.00969 	 0.00294259 	 0.0125634
M 	 1031.54 	 50 	 7000 	 100 	 -2.5 	 -1 	 -100 	 100 	 1.00681 	 0.00778663 	 0.00809714
M 	 1031.54 	 0 	 20 	 100 	 -1 	 -0.1 	 -100 	 100 	 0.93153 	 0.0189303 	 0.0125342
M 	 1031.54 	 20 	 50 	 100 	 -1 	 -0.1 	 -100 	 100 	 0.988016 	 0.00196018 	 0.00337137
M 	 1031.54 	 50 	 7000 	 100 	 -1 	 -0.1 	 -100 	 100 	 0.992238 	 0.00598326 	 0.0100178
M 	 1031.54 	 0 	 20 	 100 	 -0.1 	 0 	 -100 	 100 	 1.17713 	 0.260737 	 0.157899
M 	 1031.54 	 20 	 50 	 100 	 -0.1 	 0 	 -100 	 100 	 0.984336 	 0.00661896 	 0.000210728
M 	 1031.54 	 50 	 7000 	 100 	 -0.1 	 0 	 -100 	 100 	 0.997458 	 0.0190647 	 0.00020275
M 	 1031.54 	 0 	 20 	 100 	 0 	 0.1 	 -100 	 100 	 0.888924 	 0.146279 	 0.0761997
M 	 1031.54 	 20 	 50 	 100 	 0 	 0.1 	 -100 	 100 	 0.996284 	 0.00821746 	 0.0167908
M 	 1031.54 	 50 	 7000 	 100 	 0 	 0.1 	 -100 	 100 	 1.02595 	 0.03265 	 0.0453455
M 	 1031.54 	 0 	 20 	 100 	 0.1 	 1 	 -100 	 100 	 1.00913 	 0.0215878 	 0.0245722
M 	 1031.54 	 20 	 50 	 100 	 0.1 	 1 	 -100 	 100 	 0.988449 	 0.00194865 	 0.00119374
M 	 1031.54 	 50 	 7000 	 100 	 0.1 	 1 	 -100 	 100 	 1.00029 	 0.00632093 	 0.0136725
M 	 1031.54 	 0 	 20 	 100 	 1 	 2.5 	 -100 	 100 	 1.0236 	 0.0177868 	 0.0191436
M 	 1031.54 	 20 	 50 	 100 	 1 	 2.5 	 -100 	 100 	 1.00656 	 0.00283042 	 0.00479303
M 	 1031.54 	 50 	 7000 	 100 	 1 	 2.5 	 -100 	 100 	 0.999162 	 0.00733173 	 0.0160315
