0   10      100 -2.8    -2.5    -100    100 0.986        0.016       0.002
10  20      100 -2.8    -2.5    -100    100 0.986        0.016       0.002
20  30      100 -2.8    -2.5    -100    100 1.014        0.010       0.003
30  40      100 -2.8    -2.5    -100    100 0.991        0.006       0.002
40  50      100 -2.8    -2.5    -100    100 1.005        0.007       0.002
50  60      100 -2.8    -2.5    -100    100 1.015        0.016       0.003
60  100000  100 -2.8    -2.5    -100    100 0.968        0.022       0.008
0   10      100  2.5     2.8    -100    100 0.986        0.016       0.002
10  20      100  2.5     2.8    -100    100 0.986        0.016       0.002
20  30      100  2.5     2.8    -100    100 1.014        0.010       0.003
30  40      100  2.5     2.8    -100    100 0.991        0.006       0.002
40  50      100  2.5     2.8    -100    100 1.005        0.007       0.002
50  60      100  2.5     2.8    -100    100 1.015        0.016       0.003
60  100000  100  2.5     2.8    -100    100 0.968        0.022       0.008
