1100 6.43903 8.64441 11.9969 18.4784 29.9653 14.8124
1105 5.89066 7.90822 10.9752 16.8969 27.332 17.0978
1110 5.43502 7.29652 10.1262 15.5771 25.1504 14.5119
1115 5.04002 6.76624 9.39031 14.4749 23.3263 11.9483
1120 4.72267 6.34019 8.79904 13.5371 21.7793 11.7369
1125 4.44401 5.96609 8.27985 12.7265 20.4399 10.3787
1130 4.20406 5.64396 7.83278 12.0295 19.289 11.4535
1135 3.99108 5.35804 7.43598 11.4107 18.2687 11.4517
1140 3.8027 5.10513 7.085 10.863 17.3653 11.8615
1145 3.63386 4.87847 6.77043 10.3734 16.5592 11.5613
1150 3.47603 4.66657 6.47636 9.9156 15.8069 9.77504
1155 3.16149 4.24431 5.89033 9.01075 14.325 8.64902
1160 2.9022 3.89621 5.40724 8.26551 13.1206 7.78157
1165 2.68635 3.60643 5.00507 7.64462 12.1179 7.48222
1170 2.50286 3.3601 4.6632 7.11738 11.2648 7.27437
1175 2.34557 3.14893 4.37015 6.66516 10.5335 6.81518
1180 2.20912 2.96574 4.11591 6.27367 9.90468 6.64911
1185 2.08904 2.80454 3.8922 5.92917 9.3495 6.39085
1190 1.98318 2.66242 3.69495 5.62543 8.86048 6.42975
1195 1.88779 2.53436 3.51724 5.35194 8.42006 6.22341
1200 1.80001 2.41652 3.35369 5.1001 8.01498 5.89718
1205 1.68559 2.26291 3.14051 4.77224 7.4899 5.80953
1210 1.58445 2.12713 2.95207 4.48281 7.0267 6.0764
1215 1.49609 2.0085 2.78743 4.2297 6.62195 5.8616
1220 1.41597 1.90095 2.63817 4.00673 6.26499 5.55281
1225 1.34688 1.80819 2.50944 3.8084 5.9484 5.50735
1230 1.28471 1.72473 2.39361 3.63026 5.66278 5.48438
1235 1.22856 1.64934 2.28899 3.46939 5.4065 5.2792
1240 1.17716 1.58035 2.19323 3.32229 5.1726 4.94039
1245 1.12977 1.51672 2.10493 3.18677 4.95752 4.45576
1250 1.08505 1.45668 2.02161 3.05914 4.75527 4.09711
1255 1.03351 1.38748 1.92558 2.91252 4.52519 3.84712
1260 0.985624 1.3232 1.83636 2.77638 4.31201 3.76824
1265 0.941771 1.26433 1.75466 2.65201 4.11662 3.39364
1270 0.901568 1.21036 1.67976 2.53811 3.93816 3.02134
1275 0.864643 1.16078 1.61096 2.43376 3.77496 2.71262
1280 0.829997 1.11427 1.54641 2.33554 3.6207 2.44815
1285 0.797986 1.0713 1.48677 2.24511 3.47985 2.25888
1290 0.767914 1.03093 1.43074 2.16017 3.34753 1.86252
1295 0.739606 0.992922 1.378 2.08036 3.22329 1.52442
1300 0.7114 0.955056 1.32544 2.00364 3.1041 1.3715
1305 0.688371 0.924139 1.28254 1.93739 2.99926 1.20796
1310 0.666231 0.894416 1.24129 1.87408 2.89955 1.12164
1315 0.645336 0.866365 1.20236 1.81482 2.80697 0.985553
1320 0.625333 0.83951 1.16509 1.75775 2.71751 0.954901
1325 0.606297 0.813955 1.12962 1.70307 2.63107 0.942869
1330 0.588568 0.790153 1.09659 1.65071 2.55289 0.780262
1335 0.570971 0.76653 1.0638 1.60251 2.47748 0.752506
1340 0.555132 0.745265 1.03429 1.55703 2.407 0.704559
1345 0.53959 0.724401 1.00534 1.51278 2.33807 0.69252
1350 0.525465 0.705437 0.979019 1.46941 2.27066 0.63398
1355 0.511801 0.687094 0.953562 1.43223 2.21296 0.600832
1360 0.499136 0.670091 0.929964 1.39588 2.15664 0.594865
1365 0.485989 0.652441 0.90547 1.36038 2.10101 0.614986
1370 0.474046 0.636408 0.883219 1.3267 2.04882 0.631589
1375 0.462567 0.620997 0.861831 1.2943 1.99873 0.61475
1380 0.451522 0.606169 0.841252 1.26302 1.94981 0.624683
1385 0.44088 0.591882 0.821425 1.23301 1.90329 0.663988
1390 0.430604 0.578086 0.802279 1.20402 1.85831 0.681101
1395 0.420695 0.564784 0.783817 1.17609 1.81503 0.742006
1400 0.410956 0.55171 0.765673 1.14861 1.77236 0.787545
1405 0.406946 0.546326 0.758201 1.13728 1.75471 0.798414
1410 0.401998 0.539684 0.748983 1.12492 1.73516 0.860731
1415 0.397577 0.533748 0.740745 1.11244 1.71565 0.847801
1420 0.393128 0.527776 0.732457 1.09988 1.69602 0.797154
1425 0.388774 0.521929 0.724343 1.08771 1.67715 0.789527
1430 0.384492 0.516181 0.716366 1.07576 1.65884 0.767523
1435 0.380161 0.510366 0.708296 1.06351 1.63938 0.729668
1440 0.375819 0.504538 0.700207 1.0513 1.62049 0.694754
1445 0.371441 0.49866 0.69205 1.03899 1.60144 0.645178
1450 0.366888 0.492548 0.683567 1.02617 1.58141 0.581372
1455 0.366125 0.491524 0.682146 1.02408 1.57853 0.545032
1460 0.365193 0.490272 0.680408 1.02148 1.57429 0.503007
1465 0.364133 0.48885 0.678435 1.01853 1.56983 0.474513
1470 0.362964 0.48728 0.676256 1.01532 1.56488 0.456951
1475 0.361696 0.485577 0.673893 1.01173 1.55912 0.440529
1480 0.360367 0.483793 0.671417 1.00805 1.55342 0.439922
1485 0.35896 0.481905 0.668796 1.00418 1.54751 0.427444
1490 0.357482 0.47992 0.666042 1.00012 1.54118 0.415303
1495 0.355922 0.477825 0.663135 0.995827 1.53462 0.411209
1500 0.354146 0.475442 0.659827 0.990857 1.52706 0.422872
1505 0.359077 0.482061 0.669014 1.00469 1.54819 0.418108
1510 0.363864 0.488488 0.677933 1.01808 1.56866 0.419486
1515 0.368663 0.49493 0.686873 1.03159 1.58935 0.419105
1520 0.373508 0.501436 0.695902 1.04512 1.61043 0.436907
1525 0.378321 0.507897 0.704869 1.05862 1.63073 0.44862
1530 0.383162 0.514396 0.713889 1.07215 1.65158 0.482303
1535 0.388114 0.521043 0.723113 1.08602 1.67278 0.515256
1540 0.39307 0.527697 0.732348 1.09991 1.69411 0.560857
1545 0.398115 0.534471 0.741748 1.11411 1.71613 0.623986
1550 0.403055 0.541102 0.750952 1.128 1.73737 0.728681
1555 0.4229 0.567744 0.787925 1.18235 1.8208 0.793846
1560 0.443695 0.595661 0.826669 1.24094 1.91062 0.920918
1565 0.466511 0.626292 0.86918 1.30523 2.00933 0.971866
1570 0.491673 0.660072 0.91606 1.37613 2.11906 1.069
1575 0.519917 0.69799 0.968683 1.45501 2.24059 1.15097
1580 0.550687 0.739299 1.02601 1.5432 2.37639 1.22432
1585 0.585231 0.785673 1.09037 1.64227 2.52891 1.34205
1590 0.626027 0.840443 1.16638 1.75506 2.70292 1.38331
1595 0.671713 0.901776 1.2515 1.88397 2.90143 1.42438
1600 0.724335 0.97242 1.34954 2.0324 3.12979 1.51104
1620 0.907115 1.2178 1.69009 2.54204 3.91186 1.50513
1640 1.20401 1.61639 2.24325 3.37396 5.18826 1.60533
1660 1.43998 1.93318 2.6829 4.03358 6.19405 1.75459
1680 1.44612 1.94142 2.69434 4.049 6.21095 1.67574
1700 1.45579 1.9544 2.71235 4.07242 6.23683 1.6915
1720 1.32596 1.78011 2.47047 3.70489 5.65605 1.5897
1740 1.22961 1.65075 2.29094 3.4294 5.21636 1.3768
1760 1.04791 1.40683 1.95242 2.91479 4.4118 1.1698
1780 0.858302 1.15227 1.59914 2.38386 3.58864 0.942828
1800 0.743075 0.997579 1.38446 2.05692 3.0806 0.859717
1820 0.513945 0.689973 0.957557 1.41656 2.1099 0.614054
1840 0.403369 0.541524 0.751537 1.10908 1.64519 0.459685
1860 0.353794 0.474969 0.65917 0.970328 1.43308 0.39127
1880 0.331425 0.444938 0.617494 0.906714 1.33398 0.379102
1900 0.312168 0.419086 0.581616 0.852244 1.24913 0.38309
1920 0.313657 0.421086 0.58439 0.855374 1.25115 0.407724
1940 0.312508 0.419542 0.582249 0.851347 1.2441 0.395086
1960 0.314313 0.421966 0.585613 0.85564 1.24882 0.425791
1980 0.31887 0.428084 0.594102 0.867209 1.26358 0.479706
2000 0.320953 0.43088 0.597984 0.871884 1.27001 0.524977
2020 0.326792 0.438718 0.608862 0.887691 1.29288 0.599522
2040 0.330787 0.444083 0.616306 0.898634 1.30891 0.656952
2060 0.333349 0.447522 0.621079 0.906487 1.31905 0.777566
2080 0.334557 0.449143 0.623329 0.910036 1.326 0.871802
2100 0.334432 0.448976 0.623097 0.910041 1.32615 0.853747
2120 0.337647 0.453291 0.629086 0.919191 1.34069 0.879646
2140 0.339984 0.456429 0.633441 0.92588 1.35128 0.82601
2160 0.341895 0.458994 0.637001 0.93146 1.36023 0.748311
2180 0.343367 0.460971 0.639744 0.935845 1.36755 0.683402
2200 0.344507 0.462501 0.641868 0.939299 1.37313 0.673264
2220 0.347158 0.466061 0.646808 0.946802 1.38561 0.637388
2240 0.349423 0.469102 0.651028 0.953199 1.39458 0.550859
2260 0.351557 0.471965 0.655002 0.959291 1.40451 0.516622
2280 0.353515 0.474595 0.658651 0.964886 1.41398 0.477007
2300 0.355321 0.477019 0.662015 0.97012 1.42235 0.509223
2320 0.357013 0.479291 0.665169 0.975058 1.43003 0.537531
2340 0.358561 0.481368 0.668052 0.979609 1.43754 0.67103
2360 0.360184 0.483548 0.671076 0.984507 1.44612 0.835416
2380 0.361773 0.485681 0.674036 0.989204 1.45392 0.972327
2400 0.363268 0.487687 0.676822 0.993578 1.46041 1.04834
2420 0.365894 0.491214 0.681715 1.0011 1.47298 1.13754
2440 0.368447 0.49464 0.686471 1.00836 1.48443 1.15419
2460 0.371043 0.498126 0.691308 1.0157 1.49597 1.15555
2480 0.373857 0.501904 0.696551 1.02381 1.50873 1.14695
2500 0.376645 0.505646 0.701745 1.03169 1.52082 1.05908
2520 0.379579 0.509586 0.707212 1.03996 1.53347 0.933991
2540 0.382667 0.513731 0.712965 1.04877 1.54702 0.814017
2560 0.385757 0.51788 0.718723 1.05756 1.56102 0.714623
2580 0.388797 0.52196 0.724386 1.06624 1.57449 0.647208
2600 0.391605 0.52573 0.729618 1.07417 1.58674 0.661442
2620 0.40094 0.538263 0.747011 1.10037 1.62694 0.674136
2640 0.402932 0.540937 0.750722 1.10602 1.63573 0.739954
2660 0.404769 0.543403 0.754145 1.11129 1.64459 0.77225
2680 0.406363 0.545543 0.757114 1.1159 1.65202 0.789887
2700 0.407751 0.547407 0.759701 1.11983 1.65748 0.802045
2720 0.409196 0.549346 0.762393 1.12425 1.6658 0.786401
2740 0.410493 0.551087 0.764809 1.12813 1.67199 0.754922
2760 0.411854 0.552915 0.767346 1.13234 1.67958 0.719607
2780 0.413093 0.554579 0.769654 1.13623 1.68672 0.682295
2800 0.413999 0.555794 0.771341 1.13909 1.69238 0.625827
2820 0.415435 0.557722 0.774017 1.14335 1.69948 0.591913
2840 0.416523 0.559182 0.776044 1.14662 1.70506 0.594741
2860 0.417695 0.560757 0.778229 1.15017 1.71128 0.537263
2880 0.418653 0.562042 0.780013 1.15291 1.71658 0.517361
2900 0.419846 0.563644 0.782236 1.15645 1.72121 0.499158
2950 0.422429 0.567112 0.787048 1.16359 1.73085 0.488723
3000 0.427765 0.574275 0.79699 1.18039 1.76269 0.454316
3050 0.430638 0.578133 0.802343 1.18907 1.77778 0.476647
3100 0.43274 0.580955 0.80626 1.19597 1.79238 0.583613
3150 0.434385 0.583162 0.809323 1.20147 1.80093 0.732434
3200 0.434901 0.583856 0.810286 1.20359 1.80736 0.80114
3250 0.434142 0.582837 0.808871 1.20238 1.80821 0.84562
3300 0.432537 0.580681 0.80588 1.19897 1.80597 0.865643
3350 0.429933 0.577185 0.801029 1.19259 1.79784 0.786996
3400 0.426827 0.573015 0.795241 1.1842 1.78666 0.698207
3450 0.421216 0.565483 0.784788 1.16902 1.76496 0.597273
3500 0.415476 0.557778 0.774094 1.15413 1.74565 0.54245
3600 0.403096 0.541157 0.751027 1.12115 1.70028 0.480461
3700 0.421727 0.56617 0.785741 1.17473 1.78614 0.519612
3800 0.438316 0.58844 0.816647 1.2229 1.86409 0.495458
3900 0.468113 0.628442 0.872163 1.30903 2.00351 0.518206
4000 0.500015 0.671271 0.931602 1.40065 2.15197 0.630168
4200 0.571969 0.767869 1.06566 1.61417 2.50433 0.963573
4400 0.664256 0.891764 1.23761 1.88712 2.95387 1.61817
4600 0.762043 1.02304 1.4198 2.17668 3.45204 2.30174
4800 0.897781 1.20527 1.6727 2.58651 4.16118 3.13663
5000 1.03545 1.39009 1.9292 3.01428 4.93162 3.55579
5200 1.22233 1.64099 2.27739 3.59578 5.99919 4.2084
5400 1.43295 1.92374 2.6698 4.27295 7.29031 4.83701
5600 1.69172 2.27114 3.15193 5.13889 9.01422 5.46464
5800 1.99401 2.67696 3.71513 6.18928 11.1911 6.2761
6000 2.39589 3.21648 4.4639 7.59165 14.2243 7.25544
