1100 6.51602 8.74777 12.1403 18.7011 30.3294 14.2832
1105 5.95625 7.99628 11.0974 17.0803 27.6494 16.2928
1110 5.49334 7.37482 10.2349 15.7488 25.4336 13.6361
1115 5.10749 6.85681 9.51601 14.6318 23.5765 11.5061
1120 4.76458 6.39646 8.87713 13.6781 22.0147 11.2213
1125 4.4869 6.02367 8.35977 12.8562 20.654 9.95094
1130 4.24346 5.69686 7.90621 12.1509 19.4837 11.0548
1135 4.02741 5.4068 7.50366 11.5236 18.4476 11.1861
1140 3.83815 5.15272 7.15104 10.9742 17.5426 11.3947
1145 3.66658 4.92239 6.83138 10.4766 16.7243 11.0583
1150 3.50646 4.70743 6.53306 10.0125 15.9617 9.37664
1155 3.18795 4.27983 5.93963 9.09581 14.4777 8.3412
1160 2.92547 3.92745 5.45059 8.34097 13.2431 7.56183
1165 2.70698 3.63412 5.0435 7.71285 12.2296 7.22075
1170 2.52131 3.38486 4.69757 7.17839 11.365 7.0018
1175 2.36208 3.1711 4.40092 6.72021 10.6256 6.57941
1180 2.22398 2.9857 4.14361 6.32365 9.99137 6.40007
1185 2.10254 2.82266 3.91734 5.97496 9.43008 6.1288
1190 1.9954 2.67882 3.71772 5.66749 8.93451 6.19458
1195 1.89899 2.54939 3.53809 5.39118 8.49111 5.98742
1200 1.81041 2.43049 3.37307 5.13706 8.08049 5.69953
1205 1.69452 2.2749 3.15715 4.80497 7.54914 5.48869
1210 1.59216 2.13747 2.96642 4.51174 7.07528 5.73177
1215 1.50276 2.01745 2.79986 4.25577 6.66604 5.56239
1220 1.42382 1.91148 2.65279 4.02971 6.30658 5.27941
1225 1.3517 1.81467 2.51843 3.82907 5.98729 5.21836
1230 1.28881 1.73022 2.40124 3.64867 5.69996 5.23047
1235 1.23201 1.65398 2.29542 3.48546 5.44061 5.00539
1240 1.18009 1.58427 2.19868 3.33699 5.20338 4.6923
1245 1.13225 1.52005 2.10955 3.20012 4.98656 4.29543
1250 1.08718 1.45954 2.02558 3.0714 4.78253 3.95145
1255 1.03516 1.38971 1.92866 2.92314 4.54892 3.70551
1260 0.986955 1.32499 1.83884 2.78593 4.33297 3.56368
1265 0.942846 1.26577 1.75666 2.66053 4.13602 3.24238
1270 0.902421 1.2115 1.68135 2.54565 3.95569 2.91625
1275 0.865378 1.16177 1.61233 2.44077 3.79124 2.61498
1280 0.830595 1.11507 1.54752 2.34184 3.63572 2.35162
1285 0.79849 1.07197 1.48771 2.25085 3.49374 2.1553
1290 0.768374 1.03154 1.43159 2.16543 3.36068 1.74861
1295 0.740102 0.993588 1.37892 2.0855 3.23633 1.45142
1300 0.71149 0.955177 1.32561 2.00756 3.11496 1.30899
1305 0.688441 0.924234 1.28267 1.94125 3.00977 1.16729
1310 0.666352 0.894579 1.24151 1.87787 2.90943 1.09252
1315 0.645503 0.866589 1.20267 1.81843 2.81702 0.960911
1320 0.62564 0.839923 1.16566 1.76169 2.727 0.932674
1325 0.606735 0.814544 1.13044 1.70734 2.6414 0.921191
1330 0.589237 0.791052 1.09784 1.65758 2.56372 0.771894
1335 0.572066 0.768 1.06584 1.6105 2.49009 0.742479
1340 0.556203 0.746704 1.03629 1.56465 2.41902 0.697514
1345 0.540348 0.725418 1.00675 1.51941 2.34837 0.685499
1350 0.526117 0.706313 0.980234 1.4756 2.27949 0.630505
1355 0.51249 0.688019 0.954845 1.43818 2.2214 0.595938
1360 0.499877 0.671086 0.931345 1.40181 2.16511 0.590622
1365 0.486764 0.653481 0.906913 1.36467 2.10949 0.612854
1370 0.47488 0.637527 0.884772 1.33105 2.05737 0.620685
1375 0.463488 0.622234 0.863547 1.29883 2.00789 0.615275
1380 0.452487 0.607464 0.84305 1.26758 1.9585 0.625432
1385 0.441792 0.593106 0.823124 1.23735 1.91144 0.665357
1390 0.432025 0.579995 0.804927 1.2097 1.86818 0.685309
1395 0.421673 0.566097 0.78564 1.1805 1.82303 0.743664
1400 0.411909 0.552989 0.767449 1.15286 1.7808 0.793687
1405 0.407828 0.547509 0.759844 1.14136 1.76248 0.805141
1410 0.402854 0.540832 0.750577 1.12893 1.74318 0.85936
1415 0.398415 0.534873 0.742306 1.11639 1.72352 0.847773
1420 0.393968 0.528903 0.734021 1.10382 1.70394 0.799641
1425 0.38961 0.523052 0.725901 1.09157 1.68492 0.792052
1430 0.385325 0.517299 0.717918 1.07953 1.6663 0.769801
1435 0.381 0.511493 0.709859 1.06733 1.64725 0.732545
1440 0.376671 0.505682 0.701795 1.05513 1.62823 0.697664
1445 0.372312 0.499829 0.693672 1.04284 1.6089 0.649075
1450 0.367788 0.493757 0.685244 1.03012 1.58901 0.58453
1455 0.367061 0.49278 0.683889 1.02803 1.58592 0.5481
1460 0.366168 0.491581 0.682225 1.02553 1.582 0.506213
1465 0.365468 0.490641 0.680921 1.02352 1.57869 0.47716
1470 0.364503 0.489346 0.679123 1.02083 1.57442 0.459203
1475 0.362889 0.48718 0.676117 1.01629 1.56733 0.442257
1480 0.361613 0.485466 0.673738 1.01267 1.56162 0.441704
1485 0.360259 0.483649 0.671217 1.00889 1.55579 0.428668
1490 0.358843 0.481748 0.668578 1.00496 1.54973 0.415318
1495 0.357299 0.479675 0.665701 1.00065 1.54316 0.410244
1500 0.355628 0.477431 0.662587 0.99591 1.53594 0.422375
1505 0.360764 0.484327 0.672158 1.01033 1.55779 0.417613
1510 0.365617 0.490841 0.681198 1.02396 1.5785 0.420361
1515 0.370493 0.497388 0.690284 1.03759 1.59955 0.419185
1520 0.375417 0.503998 0.699457 1.05142 1.61983 0.437381
1525 0.380304 0.510559 0.708563 1.06503 1.64057 0.44959
1530 0.385218 0.517156 0.717718 1.07871 1.66112 0.481351
1535 0.390248 0.523908 0.727089 1.09285 1.68284 0.512335
1540 0.395292 0.530681 0.736489 1.10688 1.70453 0.555514
1545 0.400423 0.537569 0.746048 1.12134 1.72719 0.614156
1550 0.406019 0.545081 0.756474 1.13547 1.7495 0.717476
1555 0.425394 0.571093 0.792573 1.19008 1.83381 0.779035
1560 0.446313 0.599176 0.831547 1.24904 1.92391 0.897087
1565 0.469251 0.629971 0.874285 1.31368 2.02306 0.946819
1570 0.495227 0.664843 0.922681 1.38497 2.13274 1.04402
1575 0.522946 0.702055 0.974325 1.46435 2.25547 1.11601
1580 0.553882 0.743587 1.03196 1.55322 2.3911 1.19488
1585 0.589538 0.791456 1.0984 1.65293 2.54516 1.29987
1590 0.62979 0.845494 1.17339 1.76651 2.72052 1.34054
1595 0.675781 0.907238 1.25908 1.89633 2.9195 1.38822
1600 0.72876 0.978362 1.35779 2.04584 3.14971 1.46755
1620 0.912765 1.22539 1.70062 2.55894 3.93744 1.45337
1640 1.21171 1.62672 2.25759 3.39679 5.22313 1.5683
1660 1.44934 1.94574 2.70034 4.06115 6.23745 1.72285
1680 1.45542 1.9539 2.71166 4.07611 6.25219 1.64858
1700 1.46494 1.96668 2.7294 4.09912 6.2778 1.66981
1720 1.33369 1.79048 2.48486 3.72603 5.68641 1.56621
1740 1.23616 1.65955 2.30316 3.44834 5.24098 1.35892
1760 1.05316 1.41386 1.96219 2.93 4.43407 1.1573
1780 0.86234 1.15769 1.60667 2.3953 3.60554 0.933509
1800 0.746231 1.00182 1.39034 2.06582 3.09351 0.853636
1820 0.515956 0.692672 0.961304 1.42228 2.1168 0.610018
1840 0.404759 0.54339 0.754127 1.11299 1.64931 0.456894
1860 0.354828 0.476357 0.661097 0.973095 1.43732 0.389356
1880 0.332222 0.446008 0.618979 0.90901 1.33656 0.377472
1900 0.31279 0.419922 0.582775 0.854013 1.25096 0.382317
1920 0.314144 0.421739 0.585298 0.85676 1.25357 0.407416
1940 0.312881 0.420043 0.582944 0.852719 1.24509 0.395195
1960 0.314601 0.422352 0.586149 0.856583 1.25027 0.425622
1980 0.31909 0.428379 0.594512 0.868092 1.26383 0.479688
2000 0.321121 0.431105 0.598296 0.872508 1.27021 0.525291
2020 0.326909 0.438876 0.60908 0.888177 1.29305 0.60026
2040 0.33087 0.444193 0.616459 0.898969 1.30879 0.657822
2060 0.333408 0.447601 0.621189 0.906837 1.32081 0.779806
2080 0.334599 0.4492 0.623408 0.910342 1.32654 0.872828
2100 0.334474 0.449032 0.623175 0.910293 1.32588 0.855664
2120 0.337677 0.453332 0.629143 0.919471 1.34116 0.880972
2140 0.34001 0.456464 0.633489 0.926181 1.35174 0.82814
2160 0.341917 0.459024 0.637042 0.931752 1.36073 0.74996
2180 0.34338 0.460989 0.639769 0.936089 1.36789 0.68739
2200 0.344509 0.462504 0.641872 0.939611 1.37418 0.673682
2220 0.34714 0.466036 0.646774 0.947063 1.38413 0.639233
2240 0.349382 0.469046 0.650951 0.953416 1.39571 0.552594
2260 0.351495 0.471882 0.654887 0.959441 1.40523 0.518736
2280 0.353428 0.474478 0.65849 0.964992 1.41326 0.478994
2300 0.355208 0.476867 0.661805 0.970036 1.42128 0.511132
2320 0.35687 0.479099 0.664903 0.974898 1.42926 0.539681
2340 0.358389 0.481137 0.667731 0.97937 1.43663 0.673194
2360 0.359985 0.483281 0.670707 0.984289 1.44487 0.837613
2380 0.361543 0.485372 0.673608 0.988755 1.45248 0.972443
2400 0.363013 0.487346 0.676348 0.992992 1.4602 1.04803
2420 0.3656 0.490819 0.681167 1.00045 1.47133 1.13647
2440 0.368122 0.494204 0.685865 1.00764 1.48263 1.15401
2460 0.370698 0.497662 0.690665 1.015 1.49449 1.15444
2480 0.3735 0.501424 0.695886 1.02308 1.50801 1.1461
2500 0.376287 0.505167 0.701079 1.03093 1.52009 1.05943
2520 0.37923 0.509117 0.706562 1.03918 1.53289 0.93572
2540 0.382331 0.51328 0.71234 1.04798 1.5466 0.816363
2560 0.385435 0.517448 0.718124 1.05681 1.56017 0.715408
2580 0.388478 0.521533 0.723793 1.0655 1.57372 0.649141
2600 0.391285 0.525301 0.729022 1.07343 1.58597 0.663927
2620 0.400604 0.537812 0.746385 1.09959 1.62616 0.677131
2640 0.402579 0.540464 0.750065 1.10519 1.63492 0.743226
2660 0.404408 0.542919 0.753473 1.11044 1.64319 0.774878
2680 0.406002 0.545058 0.756442 1.11506 1.65061 0.79178
2700 0.4074 0.546936 0.759048 1.11903 1.65683 0.806332
2720 0.408862 0.548898 0.761771 1.12346 1.66444 0.78544
2740 0.410178 0.550665 0.764223 1.12737 1.6713 0.757243
2760 0.411556 0.552515 0.76679 1.13163 1.67872 0.720667
2780 0.412788 0.554169 0.769086 1.13553 1.68618 0.684665
2800 0.413688 0.555377 0.770762 1.13847 1.69196 0.627982
2820 0.415107 0.557282 0.773407 1.14268 1.699 0.593837
2840 0.416174 0.558715 0.775395 1.14591 1.70451 0.596723
2860 0.417335 0.560272 0.777556 1.14938 1.70996 0.537999
2880 0.418267 0.561524 0.779293 1.15205 1.7142 0.519056
2900 0.419442 0.563102 0.781483 1.15555 1.72008 0.500459
2950 0.422004 0.566541 0.786256 1.16254 1.73057 0.489742
3000 0.427291 0.573639 0.796107 1.17926 1.75977 0.45549
3050 0.430175 0.577511 0.80148 1.18798 1.77484 0.477909
3100 0.43234 0.580417 0.805514 1.19508 1.78946 0.585463
3150 0.434057 0.582722 0.808713 1.20079 1.801 0.734667
3200 0.434613 0.583469 0.809749 1.2031 1.80533 0.803153
3250 0.433858 0.582455 0.808342 1.20194 1.80627 0.847465
3300 0.432245 0.580289 0.805336 1.19855 1.80329 0.867853
3350 0.429623 0.57677 0.800452 1.19188 1.79675 0.789302
3400 0.426488 0.572561 0.79461 1.18353 1.78356 0.702071
3450 0.420859 0.565004 0.784123 1.16827 1.7638 0.59924
3500 0.415098 0.55727 0.77339 1.15331 1.74442 0.544165
3600 0.402711 0.54064 0.750311 1.12019 1.69893 0.481864
3700 0.421335 0.565643 0.78501 1.17374 1.78356 0.521049
3800 0.437959 0.587961 0.815983 1.22193 1.86102 0.496685
3900 0.467814 0.628041 0.871607 1.3082 2.00308 0.519823
4000 0.499557 0.670657 0.93075 1.39932 2.15218 0.632188
4200 0.571428 0.767144 1.06466 1.6127 2.50295 0.967302
4400 0.66351 0.890763 1.23622 1.88512 2.95228 1.62385
4600 0.761258 1.02199 1.41834 2.17477 3.45095 2.30775
4800 0.896891 1.20408 1.67104 2.58442 4.16075 3.14426
5000 1.03494 1.38941 1.92824 3.01307 4.9333 3.56497
5200 1.22185 1.64033 2.27648 3.59464 6.00218 4.22013
5400 1.43255 1.9232 2.66906 4.27199 7.29568 4.85041
5600 1.69136 2.27066 3.15126 5.13816 9.01016 5.48201
5800 1.99383 2.67672 3.7148 6.18835 11.1968 6.29755
6000 2.39585 3.21643 4.46382 7.59191 14.2368 7.28231
