1100 10.7136 14.383 19.961 31.2362 52.6357 34.1645
1105 9.86812 13.248 18.3858 28.7561 48.3867 35.5251
1110 9.1223 12.2467 16.9962 26.6627 44.7849 31.4213
1115 8.51461 11.4309 15.864 24.8711 41.7201 29.4391
1120 7.9899 10.7265 14.8864 23.3251 39.0749 28.3864
1125 7.53072 10.11 14.0309 21.9707 36.7494 26.0809
1130 7.13471 9.57837 13.293 20.7849 34.7353 27.8098
1135 6.77684 9.09792 12.6263 19.732 32.9344 26.5928
1140 6.45581 8.66694 12.0281 18.7876 31.3186 24.6337
1145 6.16743 8.27979 11.4908 17.9396 29.8679 22.4028
1150 5.90014 7.92095 10.9928 17.1526 28.5251 18.2986
1155 5.358 7.19312 9.98275 15.5413 25.8471 17.036
1160 4.91035 6.59216 9.14872 14.2353 23.6392 14.8087
1165 4.53719 6.09119 8.45347 13.1464 21.7981 14.9571
1170 4.22228 5.66841 7.86673 12.2269 20.2412 13.9674
1175 3.94975 5.30255 7.35898 11.4307 18.8909 13.6509
1180 3.71511 4.98755 6.92181 10.7461 17.7338 13.2334
1185 3.50851 4.71018 6.53688 10.1436 16.7165 12.5822
1190 3.3264 4.4657 6.19758 9.61244 15.8203 12.672
1195 3.16369 4.24726 5.89443 9.13782 15.0193 12.4008
1200 3.01381 4.04604 5.61517 8.7005 14.281 11.7876
1205 2.81405 3.77787 5.243 8.12002 13.3134 11.4591
1210 2.63752 3.54087 4.91409 7.60715 12.4583 10.7444
1215 2.48412 3.33494 4.62829 7.16154 11.717 10.1932
1220 2.34101 3.1428 4.36164 6.76733 11.0569 9.6789
1225 2.22095 2.98163 4.13797 6.41667 10.4736 9.29136
1230 2.11528 2.83977 3.94108 6.10196 9.95114 9.34583
1235 2.01829 2.70956 3.76038 5.81957 9.48231 8.55387
1240 1.92956 2.59044 3.59507 5.56128 9.05427 7.83266
1245 1.84877 2.48197 3.44453 5.32626 8.6641 7.20472
1250 1.77407 2.3817 3.30536 5.10941 8.30587 6.66891
1255 1.67859 2.25352 3.12747 4.83256 7.85035 6.14984
1260 1.59267 2.13816 2.96738 4.58348 7.44078 5.67958
1265 1.51487 2.03372 2.82244 4.35804 7.07038 5.34732
1270 1.4447 1.93951 2.69169 4.15493 6.73742 4.93194
1275 1.38046 1.85328 2.57201 3.96942 6.43379 4.43513
1280 1.32139 1.77397 2.46195 3.79816 6.15215 3.99094
1285 1.26704 1.701 2.36068 3.64287 5.89532 3.50351
1290 1.21686 1.63363 2.26719 3.49783 5.65863 2.7833
1295 1.17019 1.57099 2.18024 3.36304 5.43911 2.38337
1300 1.1263 1.51206 2.09847 3.23618 5.2322 2.25269
1305 1.09579 1.47109 2.04161 3.1474 5.08504 2.00658
1310 1.06621 1.43138 1.9865 3.06156 4.94359 2.03846
1315 1.03823 1.39382 1.93437 2.98079 4.81188 1.92143
1320 1.01125 1.3576 1.8841 2.90261 4.6835 1.89037
1325 0.9853 1.32277 1.83576 2.82693 4.55776 1.85612
1330 0.960847 1.28994 1.7902 2.75646 4.44378 1.64903
1335 0.937435 1.25851 1.74658 2.68879 4.33324 1.49331
1340 0.912372 1.22486 1.69988 2.62423 4.22757 1.43924
1345 0.891689 1.19709 1.66135 2.56143 4.12554 1.47881
1350 0.87067 1.16888 1.62219 2.50037 4.02593 1.43081
1355 0.848709 1.13939 1.58127 2.43695 3.92366 1.35002
1360 0.827325 1.11068 1.54143 2.37514 3.82381 1.38475
1365 0.806741 1.08305 1.50308 2.31543 3.7267 1.42789
1370 0.787301 1.05695 1.46686 2.25931 3.6362 1.55721
1375 0.768664 1.03193 1.43213 2.20547 3.54894 1.73992
1380 0.75076 1.0079 1.39878 2.15357 3.46488 1.80528
1385 0.733581 0.984834 1.36677 2.10394 3.38473 2.09747
1390 0.717288 0.962961 1.33642 2.05695 3.30902 2.21027
1395 0.701541 0.94182 1.30707 2.01151 3.23574 2.29936
1400 0.685971 0.920918 1.27807 1.96649 3.16287 2.34253
1405 0.679073 0.911657 1.26521 1.94659 3.13068 2.25528
1410 0.671947 0.90209 1.25194 1.92596 3.09713 2.37567
1415 0.664949 0.892695 1.2389 1.90578 3.0645 2.28215
1420 0.657842 0.883154 1.22566 1.8852 3.03104 2.11713
1425 0.650929 0.873874 1.21278 1.86536 2.99928 2.12266
1430 0.642188 0.862139 1.19649 1.84558 2.96701 2.02436
1435 0.636064 0.853917 1.18508 1.82577 2.9353 2.00582
1440 0.629376 0.844939 1.17262 1.80628 2.90401 1.94853
1445 0.62263 0.835882 1.16005 1.78659 2.87229 1.90554
1450 0.615854 0.826786 1.14743 1.76682 2.84044 1.7416
1455 0.616155 0.82719 1.14799 1.76765 2.84145 1.71945
1460 0.616242 0.827306 1.14815 1.76786 2.84151 1.59036
1465 0.616163 0.8272 1.148 1.76756 2.84068 1.48705
1470 0.615995 0.826974 1.14769 1.76701 2.83948 1.35224
1475 0.615689 0.826563 1.14712 1.76599 2.83653 1.27129
1480 0.615359 0.826121 1.14651 1.76487 2.83497 1.28246
1485 0.615041 0.825694 1.14591 1.76391 2.83321 1.19211
1490 0.61462 0.825128 1.14513 1.76262 2.83086 1.12793
1495 0.614188 0.824548 1.14432 1.76133 2.82861 1.07703
1500 0.613478 0.823595 1.143 1.75912 2.82459 1.12977
1505 0.624076 0.837823 1.16275 1.78992 2.8737 1.09531
1510 0.634559 0.851897 1.18228 1.82028 2.92186 1.14383
1515 0.644514 0.865261 1.20082 1.85112 2.97071 1.11694
1520 0.65751 0.882709 1.22504 1.88318 3.02273 1.19655
1525 0.668786 0.897846 1.24605 1.91542 3.07367 1.25918
1530 0.680178 0.91314 1.26727 1.94794 3.12528 1.32626
1535 0.691982 0.928988 1.28927 1.98184 3.17939 1.38179
1540 0.703916 0.945009 1.3115 2.01604 3.23386 1.47209
1545 0.716306 0.961643 1.33459 2.05177 3.29137 1.6058
1550 0.728403 0.977882 1.35712 2.08649 3.34686 1.82666
1555 0.763437 1.02492 1.4224 2.18747 3.50901 1.84781
1560 0.801406 1.07589 1.49314 2.29679 3.6842 2.01351
1565 0.843179 1.13197 1.57097 2.41714 3.87727 2.0101
1570 0.889189 1.19374 1.65669 2.54967 4.08976 2.14707
1575 0.939549 1.26135 1.75052 2.69759 4.32695 2.19659
1580 0.999904 1.34237 1.86297 2.86313 4.59378 2.23439
1585 1.06495 1.4297 1.98416 3.04973 4.89344 2.46261
1590 1.13916 1.52932 2.12242 3.26272 5.23578 2.53347
1595 1.2243 1.64363 2.28106 3.50707 5.6284 2.69818
1600 1.32294 1.77605 2.46484 3.79004 6.0827 2.77144
1620 1.6562 2.22345 3.08575 4.74463 7.61048 2.87318
1640 2.20033 2.95394 4.09953 6.30314 10.1039 3.41729
1660 2.63464 3.53701 4.90873 7.54678 12.0911 3.98304
1680 2.65062 3.55847 4.9385 7.59334 12.1661 3.75445
1700 2.67191 3.58704 4.97816 7.65175 12.25 3.73343
1720 2.43446 3.26827 4.53576 6.96357 11.1217 3.35435
1740 2.25229 3.0237 4.19635 6.43298 10.2417 2.96311
1760 1.92009 2.57773 3.57742 5.47194 8.66172 2.58459
1780 1.57274 2.1114 2.93024 4.47109 7.04083 2.22214
1800 1.35246 1.81568 2.51984 3.83485 6.0058 2.15593
1820 0.922473 1.23842 1.7187 2.61007 4.06245 1.58777
1840 0.713751 0.958212 1.32982 2.01685 3.12433 1.16641
1860 0.618452 0.830272 1.15227 1.73947 2.68446 0.943475
1880 0.57186 0.767723 1.06546 1.60582 2.46626 0.846653
1900 0.533727 0.71653 0.994414 1.49327 2.28405 0.808161
1920 0.533666 0.716447 0.994299 1.49222 2.27727 0.851238
1940 0.530377 0.712032 0.988172 1.4813 2.25707 0.884604
1960 0.529462 0.710804 0.986466 1.47762 2.24842 1.00965
1980 0.530754 0.712538 0.988874 1.48027 2.24835 1.15292
2000 0.529169 0.710411 0.985921 1.47476 2.23683 1.24364
2020 0.537653 0.7218 1.00173 1.49976 2.27389 1.60019
2040 0.544292 0.730713 1.0141 1.51946 2.30333 1.80463
2060 0.54962 0.737866 1.02402 1.53542 2.32834 2.09151
2080 0.55453 0.744458 1.03317 1.54749 2.34754 2.28006
2100 0.556919 0.747665 1.03762 1.55435 2.35819 2.33161
2120 0.564485 0.757822 1.05172 1.57621 2.39237 2.51135
2140 0.570866 0.766389 1.06361 1.59461 2.42096 2.48486
2160 0.576567 0.774042 1.07423 1.61117 2.4471 2.51494
2180 0.58177 0.781028 1.08392 1.62634 2.47118 2.46001
2200 0.586631 0.787553 1.09298 1.64077 2.49487 2.34858
2220 0.5932 0.796372 1.10522 1.65983 2.52519 2.28156
2240 0.600179 0.805742 1.11822 1.67762 2.55348 2.10244
2260 0.60642 0.81412 1.12985 1.69554 2.58198 1.98623
2280 0.612653 0.822488 1.14146 1.71344 2.61047 1.82985
2300 0.618876 0.830843 1.15306 1.73135 2.63912 1.78859
2320 0.624967 0.83902 1.16441 1.74888 2.66716 1.67934
2340 0.630955 0.847058 1.17556 1.76618 2.69495 1.76427
2360 0.636875 0.855006 1.18659 1.78358 2.72375 1.83996
2380 0.642554 0.862629 1.19717 1.79954 2.75096 1.80763
2400 0.647737 0.869588 1.20683 1.81459 2.77531 1.73722
2420 0.654667 0.878891 1.21974 1.83489 2.809 1.74288
2440 0.661287 0.887779 1.23208 1.85421 2.84047 1.76178
2460 0.667937 0.896707 1.24447 1.87359 2.8723 1.69628
2480 0.674975 0.906155 1.25758 1.89429 2.90684 1.67806
2500 0.682263 0.91594 1.27116 1.9154 2.94098 1.58882
2520 0.690166 0.926549 1.28588 1.93822 2.97758 1.49233
2540 0.698918 0.938299 1.30219 1.96351 3.01646 1.39031
2560 0.708177 0.950729 1.31944 1.99019 3.06086 1.38828
2580 0.717904 0.963788 1.33756 2.01813 3.10563 1.33904
2600 0.727967 0.977297 1.35631 2.04678 3.15031 1.38441
2620 0.745741 1.00116 1.38943 2.09794 3.23199 1.47829
2640 0.750164 1.0071 1.39767 2.11073 3.25256 1.40507
2660 0.755423 1.01416 1.40746 2.12287 3.27152 1.43639
2680 0.759348 1.01943 1.41478 2.13425 3.29016 1.41661
2700 0.762853 1.02413 1.42131 2.14424 3.30707 1.39084
2720 0.766455 1.02897 1.42802 2.15506 3.32505 1.40944
2740 0.769558 1.03313 1.4338 2.16431 3.34207 1.44615
2760 0.77258 1.03719 1.43943 2.17364 3.35812 1.38062
2780 0.775224 1.04074 1.44436 2.18461 3.37467 1.39277
2800 0.777207 1.0434 1.44805 2.19112 3.38766 1.26256
2820 0.782603 1.05065 1.4581 2.20701 3.41422 1.23216
2840 0.787393 1.05708 1.46703 2.22113 3.43791 1.19279
2860 0.791962 1.06321 1.47554 2.23465 3.46071 1.14321
2880 0.796559 1.06938 1.48411 2.24798 3.4817 1.10008
2900 0.801334 1.07579 1.493 2.26203 3.50514 1.01888
2950 0.81334 1.09191 1.51537 2.29613 3.55965 1.02554
3000 0.830759 1.1153 1.54783 2.34961 3.65317 0.998111
3050 0.841361 1.12953 1.56758 2.38085 3.70592 0.988102
3100 0.852397 1.14434 1.58814 2.41382 3.76305 0.993575
3150 0.864212 1.16021 1.61015 2.44838 3.82103 0.971103
3200 0.874769 1.17438 1.62983 2.47879 3.86888 1.01498
3250 0.881396 1.18328 1.64217 2.49886 3.90324 0.99756
3300 0.885934 1.18937 1.65063 2.5132 3.92814 1.05523
3350 0.888211 1.19242 1.65487 2.52044 3.9431 1.05225
3400 0.887841 1.19193 1.65418 2.51996 3.945 1.12316
3450 0.869298 1.16703 1.61963 2.46771 3.86296 1.13637
3500 0.849755 1.1408 1.58322 2.41423 3.78816 1.19363
3600 0.809802 1.08716 1.50878 2.30352 3.62219 1.30497
3700 0.857173 1.15076 1.59704 2.44291 3.85679 1.60902
3800 0.904833 1.21474 1.68584 2.58348 4.09495 1.63243
3900 0.973598 1.30706 1.81396 2.78647 4.43415 1.7158
4000 1.04916 1.4085 1.95475 3.0107 4.81482 2.00069
4200 1.18644 1.5928 2.21052 3.4191 5.52947 2.68897
4400 1.37888 1.85115 2.56906 3.99701 6.53446 3.57134
4600 1.61153 2.16348 3.00252 4.70093 7.77388 4.76061
4800 1.87325 2.51484 3.49014 5.51057 9.25821 6.14775
5000 2.29563 3.08189 4.27711 6.83236 11.634 7.45695
5200 2.74306 3.68257 5.11073 8.22173 14.2608 9.14687
5400 3.20132 4.29778 5.96454 9.71951 17.2413 10.7479
5600 3.80423 5.10719 7.08785 11.7357 21.3878 12.5857
5800 4.53084 6.08266 8.44163 14.2571 26.7925 15.579
6000 5.5222 7.41356 10.2887 17.7394 34.4638 18.4939
