1100 0.633732 0.423921 0.423989 0.423868
1105 0.489605 0.417541 0.417625 0.417481
1110 0.489605 0.411525 0.411626 0.411456
1115 0.489608 0.405866 0.405984 0.405789
1120 0.489609 0.400585 0.40072 0.400501
1125 0.489609 0.395561 0.395714 0.395469
1130 0.489604 0.39089 0.391062 0.390791
1135 0.489608 0.386444 0.386637 0.386336
1140 0.538108 0.382199 0.382413 0.382084
1145 0.662357 0.378089 0.378306 0.377965
1150 0.489611 0.373847 0.374101 0.373707
1155 0.489611 0.363508 0.363823 0.36336
1160 0.489611 0.35345 0.353809 0.353283
1165 0.489611 0.344062 0.344474 0.343874
1170 0.684738 0.335049 0.335464 0.335083
1175 0.689075 0.326419 0.326888 0.326458
1180 0.691912 0.318089 0.318621 0.318079
1185 0.690932 0.310007 0.310586 0.310041
1190 0.689805 0.30219 0.30265 0.302273
1195 0.683918 0.294534 0.294965 0.294564
1200 0.674227 0.286991 0.287522 0.286906
1205 0.699365 0.276612 0.277298 0.276662
1210 0.627059 0.266151 0.266612 0.266155
1215 0.485897 0.256442 0.256577 0.256455
1220 0.39823 0.247132 0.247201 0.247171
1225 0.24374 0.2381 0.237776 0.2377
1230 0.200543 0.229468 0.22904 0.229345
1235 0.139492 0.221122 0.220375 0.220997
1240 0.119068 0.213037 0.212124 0.212603
1245 0.0968662 0.205109 0.204139 0.20467
1250 0.112776 0.197111 0.196725 0.196766
1255 0.106421 0.188947 0.188475 0.188565
1260 0.118974 0.180727 0.180325 0.180372
1265 0.128196 0.172689 0.172306 0.172342
1270 0.144286 0.164952 0.164756 0.164608
1275 0.181434 0.157454 0.157491 0.157107
1280 0.204557 0.150058 0.150249 0.14979
1285 0.218972 0.142961 0.143257 0.142701
1290 0.36076 0.136016 0.136774 0.136193
1295 0.375398 0.129196 0.12999 0.129366
1300 0.398372 0.122401 0.123201 0.122577
1305 0.443714 0.115614 0.116605 0.115817
1310 0.51447 0.109127 0.110242 0.10933
1315 0.632093 0.102814 0.104301 0.102984
1320 0.639625 0.0967363 0.098264 0.0969189
1325 0.575731 0.0909786 0.0921914 0.091127
1330 0.673737 0.0854715 0.0871725 0.0856792
1335 0.657102 0.0801449 0.0817642 0.0802955
1340 0.674685 0.0750693 0.0764822 0.0752346
1345 0.67884 0.0701912 0.0719362 0.070313
1350 0.700271 0.0654619 0.0673237 0.0655009
1355 0.71568 0.0621914 0.0638756 0.0622767
1360 0.716508 0.0589813 0.0606311 0.0590696
1365 0.684773 0.0558406 0.0575396 0.055903
1370 0.693908 0.0527632 0.0545005 0.0527781
1375 0.715102 0.0498266 0.0517713 0.0498889
1380 0.717492 0.0469852 0.0488754 0.0470585
1385 0.726096 0.0441064 0.0462285 0.0441712
1390 0.727809 0.041445 0.043442 0.0415042
1395 0.728147 0.0389052 0.0408616 0.0389759
1400 0.723985 0.0364381 0.0383049 0.0364418
1405 0.718877 0.0355373 0.0373532 0.0355554
1410 0.71899 0.0345654 0.0363763 0.0345739
1415 0.721529 0.0335523 0.0353963 0.0335489
1420 0.722904 0.03253 0.0343845 0.0325762
1425 0.722513 0.0315374 0.0334008 0.0316005
1430 0.716639 0.0305621 0.0323364 0.0305719
1435 0.717849 0.0296054 0.0313922 0.0296567
1440 0.717214 0.0286327 0.0304212 0.0286854
1445 0.718257 0.027671 0.0294462 0.0277266
1450 0.719373 0.0266671 0.0284366 0.0267274
1455 0.721799 0.0263865 0.028151 0.0264073
1460 0.719186 0.0260404 0.0276816 0.0260696
1465 0.723755 0.0256667 0.0274039 0.0257068
1470 0.724262 0.0252626 0.0269197 0.0253204
1475 0.730476 0.0248481 0.0265146 0.0249108
1480 0.728177 0.0244191 0.026031 0.0244368
1485 0.728293 0.0239743 0.025575 0.0239758
1490 0.489606 0.0235222 0.0252645 0.0235626
1495 0.734099 0.022944 0.0247131 0.0230116
1500 0.7219 0.0224069 0.0239999 0.0224404
1505 0.727077 0.0235898 0.0251542 0.023572
1510 0.730043 0.0246577 0.0262775 0.0245715
1515 0.726609 0.0257536 0.0274274 0.0257994
1520 0.726228 0.0268641 0.0285839 0.0269101
1525 0.728474 0.0279986 0.029743 0.0280322
1530 0.729452 0.0291734 0.0309377 0.0292117
1535 0.72788 0.0303791 0.03217 0.0304179
1540 0.726214 0.0316121 0.0334259 0.0316413
1545 0.722703 0.0328621 0.0347095 0.032908
1550 0.723695 0.0341215 0.0359997 0.0341713
1555 0.722682 0.0395035 0.0414721 0.0395584
1560 0.725594 0.0456707 0.0476842 0.0457289
1565 0.727725 0.0524407 0.0545556 0.0525073
1570 0.72571 0.0600578 0.0622063 0.060172
1575 0.731289 0.0686394 0.070784 0.0687471
1580 0.731948 0.0782294 0.0799779 0.0783063
1585 0.733976 0.0889229 0.0906886 0.0890545
1590 0.730914 0.100898 0.10252 0.101076
1595 0.732075 0.114159 0.115653 0.114222
1600 0.731204 0.128968 0.13047 0.128925
1620 0.489606 0.174684 0.176113 0.174667
1640 0.489606 0.232685 0.233733 0.232691
1660 0.489607 0.268482 0.269322 0.268497
1680 0.489607 0.272019 0.272875 0.272035
1700 0.489607 0.276871 0.277731 0.276884
1720 0.489608 0.26349 0.264484 0.263488
1740 0.489608 0.25332 0.254442 0.253299
1760 0.489609 0.229826 0.231143 0.229903
1780 0.829857 0.19902 0.200817 0.199146
1800 0.855096 0.176975 0.17892 0.176989
1820 0.881289 0.113527 0.116622 0.113616
1840 0.886375 0.0734585 0.0768571 0.0734997
1860 0.874882 0.051591 0.0546915 0.051673
1880 0.698919 0.0394217 0.0418987 0.039515
1900 0.365029 0.0299394 0.0321552 0.03003
1920 0.262692 0.0284186 0.0305141 0.0284986
1940 0.33637 0.0262914 0.0283547 0.0263827
1960 0.474472 0.0266253 0.0287922 0.0268051
1980 0.479389 0.0292422 0.0314419 0.0294204
2000 0.480731 0.0311015 0.0333468 0.0312297
2020 0.520557 0.0327059 0.0349578 0.0326952
2040 0.513854 0.0337353 0.0357052 0.0338563
2060 0.33974 0.0343751 0.0358251 0.0345491
2080 0.13296 0.0347249 0.0355084 0.0347459
2100 0.0957196 0.034809 0.0358462 0.0348528
2120 0.0964812 0.0344948 0.0352603 0.0345221
2140 0.139222 0.0339857 0.0350491 0.0340698
2160 0.329274 0.0333776 0.0348492 0.0335233
2180 0.459629 0.0325755 0.0341586 0.0327492
2200 0.367448 0.0316416 0.0330974 0.0317725
2220 0.405868 0.0324919 0.0341214 0.0326507
2240 0.443629 0.0332213 0.0349098 0.03339
2260 0.530617 0.0339357 0.0359928 0.0340516
2280 0.634341 0.0346196 0.0363747 0.0348372
2300 0.463377 0.0353464 0.036656 0.0353683
2320 0.32631 0.0361657 0.0374547 0.036378
2340 0.17213 0.0371033 0.0379577 0.037156
2360 0.100747 0.0381578 0.0387635 0.0382521
2380 0.0457103 0.0394204 0.0394374 0.0395526
2400 0.0269024 0.0407957 0.0405125 0.0409909
2420 0.0159894 0.0422275 0.0417037 0.0424996
2440 0.0148301 0.0436422 0.0431093 0.0439354
2460 0.0195871 0.0449799 0.0445475 0.0452469
2480 0.0276957 0.0463223 0.0459606 0.0465569
2500 0.0590458 0.0475376 0.0476089 0.0476809
2520 0.141487 0.0486914 0.049354 0.0488857
2540 0.23233 0.0496935 0.0505665 0.049831
2560 0.450688 0.05053 0.0522435 0.050497
2580 0.478842 0.0512181 0.0527847 0.0513781
2600 0.433342 0.0516584 0.0531924 0.0516845
2620 0.471582 0.0556126 0.0575445 0.0556563
2640 0.341224 0.0565818 0.058273 0.0563361
2660 0.370953 0.0574215 0.0594822 0.0573654
2680 0.349958 0.0581005 0.0601171 0.0581009
2700 0.363753 0.0586911 0.0606743 0.0584428
2720 0.39175 0.059221 0.0612968 0.0592145
2740 0.38822 0.0596237 0.06147 0.0598411
2760 0.337097 0.0601488 0.0618239 0.0603588
2780 0.311971 0.060553 0.0621109 0.0606996
2800 0.302183 0.0607713 0.0624694 0.0608649
2820 0.320816 0.0605058 0.0627341 0.0606778
2840 0.283579 0.0600246 0.0614191 0.0601144
2860 0.389516 0.0595711 0.0612837 0.0596826
2880 0.44565 0.0590993 0.0611934 0.0591981
2900 0.489557 0.0587961 0.0607388 0.0589074
2950 0.638345 0.0579853 0.0601695 0.0581697
3000 0.718221 0.0577619 0.0601806 0.05799
3050 0.454452 0.0591597 0.0608374 0.0593826
3100 0.209714 0.0601773 0.0614822 0.0603729
3150 0.0841245 0.0609664 0.0614831 0.0610992
3200 0.077833 0.0614112 0.0619302 0.0615038
3250 0.0671432 0.0600992 0.0603298 0.0601666
3300 0.0729156 0.0584417 0.0588231 0.0585689
3350 0.103453 0.0565328 0.0573115 0.0566202
3400 0.150717 0.0546473 0.0558024 0.0546811
3450 0.231737 0.0530568 0.054205 0.0531705
3500 0.371595 0.0514441 0.0528721 0.0515519
3600 0.69149 0.0483005 0.0506578 0.0484279
3700 0.764454 0.053155 0.0564402 0.0531485
3800 0.818956 0.0567536 0.0610706 0.0569366
3900 0.801327 0.0647146 0.0693656 0.0646982
4000 0.743612 0.0726442 0.0768916 0.072644
4200 0.651475 0.0970553 0.101358 0.0971338
4400 0.199086 0.119401 0.120206 0.119122
4600 0.0773788 0.151508 0.150327 0.151433
4800 0.0707312 0.18472 0.182499 0.184372
5000 0.0936578 0.205709 0.203475 0.20566
5200 0.184038 0.234766 0.233563 0.234606
5400 0.299231 0.257915 0.257838 0.258024
5600 0.451891 0.282434 0.283536 0.282341
5800 0.610593 0.299768 0.302839 0.300254
6000 0.621721 0.323555 0.326498 0.324295
