1100 31.8234 42.723 59.2918 93.1277 157.578 73.5149
1105 28.5503 38.3288 53.1934 83.4892 140.99 71.2166
1110 25.8988 34.7692 48.2533 75.705 127.654 64.3604
1115 23.7608 31.8989 44.2698 69.421 116.873 54.4624
1120 21.89 29.3874 40.7843 64.1465 107.767 45.6517
1125 20.375 27.3535 37.9616 59.6609 100.048 39.5899
1130 19.0854 25.6222 35.559 55.8574 93.579 33.9043
1135 17.9382 24.082 33.4215 52.4705 87.7874 27.6058
1140 16.9731 22.7864 31.6234 49.5693 82.8364 30.5103
1145 16.0982 21.6119 29.9934 46.9866 78.4228 29.8027
1150 15.3082 20.5512 28.5214 44.6618 74.4684 27.2278
1155 13.8499 18.5935 25.8044 40.3136 67.2229 22.4598
1160 12.6669 17.0053 23.6003 36.8546 61.3832 19.3905
1165 11.6782 15.6779 21.7581 33.9623 56.4974 17.6142
1170 10.8201 14.526 20.1594 31.449 52.2435 16.3168
1175 10.1044 13.5652 18.826 29.3572 48.7165 14.5196
1180 9.47165 12.7157 17.6471 27.5082 45.6018 13.4335
1185 8.9163 11.9701 16.6124 25.8864 42.8737 12.9117
1190 8.42683 11.313 15.7004 24.457 40.4704 11.9302
1195 7.98116 10.7147 14.8701 23.1576 38.2916 11.3825
1200 7.56605 10.1574 14.0967 21.9504 36.2739 10.6906
1205 7.099 9.53042 13.2265 20.5816 33.9557 11.7725
1210 6.68145 8.96986 12.4485 19.3601 31.8919 11.3454
1215 6.31182 8.47362 11.7599 18.2793 30.0677 10.5739
1220 5.98934 8.0407 11.159 17.3365 28.4781 10.3869
1225 5.69707 7.64833 10.6145 16.4818 27.0359 10.4308
1230 5.43568 7.29742 10.1275 15.7184 25.7482 10.6058
1235 5.19964 6.98053 9.6877 15.0289 24.5927 10.9629
1240 4.98651 6.69439 9.2906 14.4077 23.5521 11.011
1245 4.78534 6.42433 8.91581 13.8275 22.5671 10.1196
1250 4.59618 6.17039 8.56338 13.2766 21.6398 9.84714
1255 4.35914 5.85216 8.12173 12.5869 20.5082 9.40682
1260 4.14199 5.56063 7.71714 11.9557 19.4671 10.1271
1265 3.9456 5.29697 7.35124 11.3866 18.532 9.16184
1270 3.75027 5.03475 6.98732 10.8522 17.6488 8.24599
1275 3.58397 4.81149 6.67748 10.3688 16.8592 7.7845
1280 3.42756 4.6015 6.38605 9.91223 16.1089 7.33304
1285 3.28821 4.41442 6.12642 9.50808 15.4514 7.31961
1290 3.15341 4.23346 5.87527 9.11577 14.8094 7.5246
1295 3.03337 4.07231 5.65163 8.75874 14.2304 6.70511
1300 2.91262 3.9102 5.42664 8.40907 13.6615 6.35309
1305 2.78222 3.73513 5.18368 8.02922 13.0356 5.72987
1310 2.65821 3.56865 4.95264 7.66897 12.4446 5.20122
1315 2.54612 3.41816 4.74379 7.34445 11.9157 4.531
1320 2.44048 3.27635 4.54698 7.03794 11.4141 4.35175
1325 2.34249 3.14479 4.3644 6.75207 10.9414 4.16963
1330 2.25261 3.02413 4.19695 6.49188 10.5135 3.64228
1335 2.16991 2.91311 4.04286 6.25197 10.1215 3.46921
1340 2.09189 2.80836 3.8975 6.02631 9.75836 3.37257
1345 2.01795 2.7091 3.75974 5.81199 9.40872 3.36818
1350 1.94597 2.61247 3.62564 5.60364 9.06925 2.93158
1355 1.88898 2.53595 3.51944 5.43929 8.8037 2.8667
1360 1.83337 2.46131 3.41585 5.27877 8.54309 2.69569
1365 1.77977 2.38934 3.31597 5.12345 8.28809 2.64307
1370 1.72985 2.32233 3.22298 4.97972 8.05585 2.52326
1375 1.682 2.25809 3.13382 4.84182 7.83276 2.35424
1380 1.63574 2.19599 3.04764 4.70782 7.61273 2.32184
1385 1.5918 2.13699 2.96575 4.58109 7.40828 2.20506
1390 1.55007 2.08097 2.88801 4.46094 7.21348 2.10156
1395 1.50978 2.02689 2.81295 4.3448 7.02595 2.09334
1400 1.47086 1.97463 2.74042 4.23248 6.8446 1.95829
1405 1.45175 1.94897 2.70482 4.17692 6.75341 1.9614
1410 1.43077 1.92081 2.66574 4.11587 6.65252 2.05244
1415 1.40976 1.89261 2.6266 4.05474 6.55099 1.94034
1420 1.38987 1.8659 2.58953 3.99695 6.4584 1.85274
1425 1.36988 1.83907 2.55229 3.93903 6.36423 1.8309
1430 1.35092 1.81361 2.51696 3.88409 6.27264 1.82307
1435 1.33193 1.78812 2.48158 3.82894 6.18191 1.79442
1440 1.31346 1.76332 2.44717 3.77538 6.09501 1.7513
1445 1.29448 1.73785 2.41182 3.72026 6.00403 1.71207
1450 1.27455 1.71108 2.37467 3.66237 5.9083 1.66826
1455 1.2689 1.7035 2.36415 3.64641 5.88338 1.68167
1460 1.26223 1.69455 2.35173 3.62732 5.85503 1.66644
1465 1.2551 1.68498 2.33844 3.60693 5.82285 1.6553
1470 1.24775 1.6751 2.32474 3.58605 5.79079 1.65771
1475 1.23994 1.66462 2.31019 3.56353 5.75598 1.65398
1480 1.23187 1.65378 2.29515 3.54037 5.71979 1.65909
1485 1.22348 1.64252 2.27952 3.51645 5.68166 1.64016
1490 1.21517 1.63137 2.26405 3.49289 5.64704 1.67138
1495 1.20622 1.61935 2.24737 3.46764 5.60777 1.7177
1500 1.19668 1.60655 2.2296 3.43976 5.56416 1.69654
1505 1.2095 1.62376 2.25349 3.47593 5.62517 1.70339
1510 1.2215 1.63987 2.27584 3.51205 5.68143 1.69265
1515 1.23332 1.65573 2.29785 3.54641 5.74041 1.72858
1520 1.24529 1.67181 2.32017 3.58128 5.7978 1.77268
1525 1.25707 1.68762 2.34211 3.61512 5.85296 1.77707
1530 1.26859 1.70309 2.36357 3.64812 5.90623 1.89442
1535 1.28078 1.71945 2.38628 3.68161 5.96445 2.05023
1540 1.29278 1.73556 2.40864 3.71612 6.0208 2.1904
1545 1.30504 1.75202 2.43149 3.75166 6.07956 2.37076
1550 1.31692 1.76797 2.45362 3.78609 6.13634 2.55609
1555 1.37948 1.85195 2.57017 3.96655 6.42973 2.77782
1560 1.44586 1.94107 2.69385 4.15785 6.73988 3.01962
1565 1.51877 2.03895 2.8297 4.36801 7.08067 3.26516
1570 1.59906 2.14675 2.9793 4.59917 7.45478 3.47428
1575 1.68836 2.26663 3.14566 4.85668 7.87256 3.75319
1580 1.78818 2.40063 3.33164 5.14423 8.33831 4.05838
1585 1.89982 2.55051 3.53965 5.46585 8.85908 4.41812
1590 2.02628 2.72028 3.77526 5.83015 9.44903 4.58965
1595 2.17115 2.91477 4.04518 6.24769 10.1257 4.76002
1600 2.33535 3.13521 4.3511 6.72033 10.8899 5.14246
1620 2.88507 3.87321 5.37531 8.30504 13.4366 6.39784
1640 3.75278 5.03812 6.99199 10.8112 17.4677 7.03706
1660 4.40757 5.91717 8.21196 12.6503 20.4067 7.89408
1680 4.34166 5.82868 8.08915 12.4872 20.1056 7.27018
1700 4.29741 5.76928 8.00672 12.3334 19.8162 6.53556
1720 3.81033 5.11538 7.09921 10.9198 17.4882 5.43251
1740 3.44225 4.62123 6.41342 9.84869 15.7155 4.73694
1760 2.78957 3.745 5.19738 7.96586 12.659 3.60792
1780 2.1574 2.89632 4.01957 6.14961 9.72639 2.73255
1800 1.7808 2.39073 3.3179 5.06609 7.98034 2.15772
1820 1.13423 1.5227 2.11323 3.22179 5.04462 1.33945
1840 0.852854 1.14496 1.58899 2.41578 3.76595 0.978074
1860 0.736719 0.989047 1.37262 2.08148 3.23069 0.815737
1880 0.688915 0.924869 1.28355 1.94438 3.00379 0.739906
1900 0.648014 0.86996 1.20735 1.82247 2.80809 0.673571
1920 0.650472 0.873259 1.21193 1.82671 2.80601 0.664524
1940 0.648773 0.870978 1.20876 1.82026 2.78806 0.65573
1960 0.645489 0.866571 1.20264 1.80918 2.76581 0.678359
1980 0.640623 0.860038 1.19358 1.79352 2.7363 0.714734
2000 0.632947 0.849733 1.17927 1.77078 2.69837 0.75893
2020 0.641386 0.861062 1.195 1.79434 2.73386 0.780361
2040 0.647321 0.869029 1.20606 1.8111 2.75963 0.771799
2060 0.65139 0.874492 1.21364 1.82312 2.7799 0.763484
2080 0.653613 0.877476 1.21778 1.82994 2.79315 0.738802
2100 0.654155 0.878204 1.21879 1.83196 2.79809 0.743265
2120 0.664539 0.892145 1.23814 1.86226 2.84715 0.79726
2140 0.674052 0.904916 1.25586 1.88987 2.89171 0.886145
2160 0.683445 0.917527 1.27336 1.91716 2.93455 0.895515
2180 0.692665 0.929904 1.29054 1.94392 2.97773 0.881008
2200 0.701684 0.942012 1.30734 1.96957 3.02127 0.880533
2220 0.707119 0.949308 1.31747 1.98548 3.04715 0.822565
2240 0.711618 0.955349 1.32585 1.99873 3.06906 0.787733
2260 0.715507 0.960569 1.3331 2.01032 3.08879 0.779085
2280 0.719049 0.965324 1.33969 2.02105 3.10668 0.78391
2300 0.721974 0.969251 1.34514 2.0301 3.12336 0.787953
2320 0.724357 0.97245 1.34958 2.03779 3.13851 0.831625
2340 0.72635 0.975127 1.3533 2.04444 3.15207 0.874488
2360 0.72834 0.977798 1.35701 2.05138 3.16694 0.986098
2380 0.730355 0.980503 1.36076 2.06065 3.18097 1.07133
2400 0.732354 0.983187 1.36449 2.06719 3.19352 1.18324
2420 0.739443 0.992704 1.37769 2.08534 3.22537 1.33393
2440 0.745894 1.00136 1.38971 2.10432 3.25613 1.32987
2460 0.752945 1.01083 1.40285 2.12483 3.29008 1.51043
2480 0.76088 1.02148 1.41763 2.14795 3.3284 1.62942
2500 0.769244 1.03271 1.43322 2.17198 3.36678 1.7617
2520 0.778106 1.04461 1.44973 2.19735 3.40705 1.78782
2540 0.787608 1.05736 1.46743 2.22467 3.44683 1.78414
2560 0.797302 1.07038 1.48549 2.25261 3.49468 1.80346
2580 0.807018 1.08342 1.50359 2.28061 3.54081 1.77532
2600 0.816651 1.09636 1.52154 2.30811 3.58445 1.63521
2620 0.837481 1.12432 1.56035 2.36823 3.68115 1.6721
2640 0.843476 1.13237 1.57152 2.38556 3.70925 1.67624
2660 0.849334 1.14023 1.58244 2.40254 3.73641 1.69893
2680 0.855039 1.14789 1.59307 2.41911 3.76349 1.68372
2700 0.860853 1.1557 1.6039 2.43583 3.79079 1.69634
2720 0.866698 1.16354 1.61479 2.45315 3.81958 1.67616
2740 0.872388 1.17118 1.62539 2.46973 3.84723 1.55862
2760 0.878343 1.17918 1.63648 2.48741 3.8764 1.5114
2780 0.884198 1.18704 1.64739 2.5049 3.90753 1.42982
2800 0.889559 1.19423 1.65738 2.5209 3.9352 1.49472
2820 0.89697 1.20418 1.67119 2.54257 3.97072 1.45454
2840 0.904015 1.21364 1.68431 2.56316 4.0045 1.56478
2860 0.911447 1.22362 1.69816 2.58493 4.04038 1.58238
2880 0.917785 1.23213 1.70997 2.60311 4.0703 1.63279
2900 0.925003 1.24182 1.72342 2.62427 4.10528 1.74448
2950 0.941078 1.2634 1.75337 2.67014 4.17706 1.767
3000 0.961324 1.29058 1.79109 2.73297 4.29012 1.62184
3050 0.967803 1.29928 1.80316 2.75307 4.32737 1.54659
3100 0.971576 1.30434 1.81019 2.7664 4.357 1.57365
3150 0.975038 1.30899 1.81664 2.77858 4.38403 1.69985
3200 0.976948 1.31155 1.8202 2.78565 4.40082 1.77453
3250 0.978307 1.31338 1.82273 2.79245 4.4207 1.8397
3300 0.979359 1.31479 1.82469 2.7986 4.4453 1.80948
3350 0.978698 1.3139 1.82346 2.79872 4.45194 1.75552
3400 0.978 1.31297 1.82216 2.79836 4.45958 1.57701
3450 0.972611 1.30573 1.81212 2.7846 4.44359 1.43911
3500 0.967948 1.29947 1.80343 2.77426 4.43688 1.39181
3600 0.95664 1.28429 1.78236 2.74625 4.40671 1.29123
3700 1.00398 1.34785 1.87057 2.88885 4.64523 1.36794
3800 1.05315 1.41386 1.96218 3.02549 4.8752 1.42783
3900 1.12948 1.51632 2.10438 3.25015 5.2504 1.42615
4000 1.21015 1.62463 2.2547 3.48913 5.65732 1.61251
4200 1.41616 1.9012 2.63852 4.10313 6.71087 1.99409
4400 1.74146 2.33791 3.2446 5.06792 8.35141 2.49689
4600 1.91682 2.57333 3.57132 5.61674 9.37028 2.99615
4800 2.3566 3.16374 4.3907 6.96472 11.7987 4.30137
5000 2.6917 3.61362 5.01504 8.01572 13.801 5.06746
5200 3.27683 4.39915 6.10522 9.8681 17.3217 7.00275
5400 3.91911 5.26141 7.30188 11.9543 21.4936 8.91602
5600 4.57172 6.13754 8.51779 14.187 26.2496 10.7427
5800 5.60738 7.52792 10.4474 17.6254 33.6051 13.4963
6000 6.69722 8.99103 12.4779 21.5732 42.5665 16.1877
