1100 6.31007 8.47128 11.7566 18.1287 29.4825 14.6079 34.1645 73.5149 32.1293 59.5835
1105 5.77212 7.74908 10.7543 16.5698 26.8746 16.6566 35.5251 71.2166 28.2012 56.5817
1110 5.32417 7.14771 9.91972 15.2727 24.7299 14.0918 31.4213 64.3604 25.3999 53.0093
1115 4.94724 6.64168 9.21744 14.1818 22.932 11.7738 29.4391 54.4624 23.2214 47.4911
1120 4.62847 6.21373 8.62353 13.2655 21.4055 11.5648 28.3864 45.6517 21.5398 51.6268
1125 4.33996 5.82641 8.08599 12.4648 20.075 10.2554 26.0809 39.5899 19.5603 50.0406
1130 4.10698 5.51362 7.65191 11.7757 18.9413 11.3787 27.8098 33.9043 18.2234 50.8435
1135 3.89604 5.23044 7.2589 11.1628 17.9286 11.3763 26.5928 27.6058 16.8386 52.8168
1140 3.70946 4.97995 6.91127 10.6209 17.0346 11.5205 24.6337 30.5103 15.871 51.789
1145 3.54257 4.75591 6.60034 10.1365 16.2354 11.1515 22.4028 29.8027 15.6971 49.8384
1150 3.38681 4.5468 6.31013 9.68467 15.4907 9.38515 18.2986 27.2278 14.1038 48.8531
1155 3.07818 4.13246 5.73511 8.79541 14.0463 8.34739 17.036 22.4598 12.7081 45.9612
1160 2.82384 3.79101 5.26124 8.06348 12.8588 7.53561 14.8087 19.3905 11.4967 42.6341
1165 2.61215 3.50682 4.86683 7.45425 11.8709 7.24391 14.9571 17.6142 10.5317 40.9897
1170 2.43231 3.26538 4.53176 6.93611 11.0185 7.03526 13.9674 16.3168 10.3035 39.3783
1175 2.27806 3.05829 4.24436 6.49185 10.3001 6.62754 13.6509 14.5196 9.47239 37.1599
1180 2.14427 2.87869 3.9951 6.1072 9.6757 6.46018 13.2334 13.4335 8.64596 36.2268
1185 2.02665 2.72079 3.77596 5.76921 9.12897 6.19828 12.5822 12.9117 8.16882 33.7713
1190 1.92287 2.58146 3.5826 5.4711 8.64871 6.27809 12.672 11.9302 7.93054 32.3578
1195 1.82949 2.45609 3.40861 5.20286 8.21659 6.08041 12.4008 11.3825 7.73578 29.9797
1200 1.74374 2.34097 3.24884 4.95652 7.82017 5.79114 11.7876 10.6906 7.71157 27.9513
1205 1.6317 2.19056 3.0401 4.63497 7.30283 5.56313 11.4591 11.7725 6.41515 25.3032
1210 1.53276 2.05773 2.85575 4.35127 6.84649 5.81761 10.7444 11.3454 7.53661 23.2024
1215 1.44636 1.94174 2.69478 4.10358 6.45231 5.63359 10.1932 10.5739 7.80074 21.5035
1220 1.37007 1.83933 2.55265 3.88485 6.10205 5.33553 9.6789 10.3869 7.73898 18.7988
1225 1.30022 1.74555 2.42251 3.69059 5.79014 5.26077 9.29136 10.4308 7.77171 17.2217
1230 1.23946 1.66398 2.3093 3.5159 5.51076 5.26238 9.34583 10.6058 7.49548 15.3626
1235 1.1846 1.59033 2.20709 3.3584 5.25948 5.03205 8.55387 10.9629 7.34952 14.5373
1240 1.13447 1.52303 2.11368 3.21457 5.03013 4.71309 7.83266 11.011 6.97475 13.7534
1245 1.08829 1.46103 2.02765 3.08222 4.8194 4.30983 7.20472 10.1196 6.70558 12.4238
1250 1.0448 1.40265 1.94663 2.95775 4.62167 3.96701 6.66891 9.84714 6.40831 10.9204
1255 0.994662 1.33534 1.8532 2.81463 4.39545 3.72231 6.14984 9.40682 6.05962 10.5903
1260 0.948202 1.27296 1.76664 2.68214 4.18627 3.58371 5.67958 10.1271 5.76237 9.84612
1265 0.905701 1.21591 1.68746 2.56111 3.99556 3.26704 5.34732 9.16184 5.50339 8.80557
1270 0.866763 1.16363 1.61491 2.45023 3.82095 2.94229 4.93194 8.24599 5.22804 8.07105
1275 0.831059 1.1157 1.54839 2.34893 3.66262 2.64637 4.43513 7.7845 4.92958 7.52244
1280 0.797581 1.07075 1.48601 2.25353 3.51215 2.38576 3.99094 7.33304 4.70784 7.1879
1285 0.766679 1.02927 1.42844 2.1658 3.37469 2.19319 3.50351 7.31961 4.5078 6.75947
1290 0.737702 0.990366 1.37445 2.08356 3.2459 1.78965 2.7833 7.5246 4.10137 6.04774
1295 0.710514 0.953867 1.32379 2.0065 3.12542 1.48522 2.38337 6.70511 3.92767 5.63131
1300 0.683618 0.917759 1.27368 1.93287 3.00994 1.33322 2.25269 6.35309 3.74685 5.16202
1305 0.661472 0.888027 1.23242 1.869 2.9082 1.18006 2.00658 5.72987 3.5375 5.07032
1310 0.640218 0.859494 1.19282 1.80795 2.81153 1.1003 2.03846 5.20122 3.29016 4.7131
1315 0.620169 0.832578 1.15547 1.75069 2.72161 0.972721 1.92143 4.531 2.94461 4.52818
1320 0.600994 0.806836 1.11974 1.6957 2.63482 0.942856 1.89037 4.35175 2.81667 4.36297
1325 0.58286 0.782491 1.08596 1.64341 2.55153 0.931731 1.85612 4.16963 2.86618 4.06029
1330 0.56511 0.758661 1.05288 1.5945 2.47485 0.771945 1.64903 3.64228 2.50114 3.75519
1335 0.548093 0.735816 1.02118 1.5472 2.40018 0.74028 1.49331 3.46921 2.49033 3.84014
1340 0.534218 0.717189 0.995328 1.50415 2.3338 0.69314 1.43924 3.37257 2.34278 3.45522
1345 0.519416 0.697317 0.967749 1.46161 2.26728 0.682612 1.47881 3.36818 2.25752 3.20343
1350 0.505107 0.678107 0.941089 1.42002 2.20195 0.627351 1.43081 2.93158 2.06533 3.11898
1355 0.491864 0.660328 0.916416 1.38408 2.14597 0.590868 1.35002 2.8667 1.88876 3.10287
1360 0.479529 0.643769 0.893435 1.34903 2.09125 0.586875 1.38475 2.69569 1.85833 3.04929
1365 0.467542 0.627676 0.8711 1.31482 2.03751 0.611526 1.42789 2.64307 2.02078 2.8082
1370 0.456117 0.612338 0.849814 1.28238 1.98702 0.622786 1.55721 2.52326 1.92574 2.75205
1375 0.445143 0.597605 0.829368 1.25123 1.93862 0.618602 1.73992 2.35424 1.74125 2.65053
1380 0.43457 0.583411 0.809669 1.22108 1.89126 0.629222 1.80528 2.32184 1.68853 2.59671
1385 0.42441 0.569771 0.790739 1.19225 1.84638 0.674705 2.09747 2.20506 1.59106 2.51831
1390 0.413988 0.555779 0.771321 1.16441 1.80306 0.696585 2.21027 2.10156 1.53799 2.38226
1395 0.404489 0.543027 0.753623 1.13759 1.76118 0.754973 2.29936 2.09334 1.49261 2.42739
1400 0.395166 0.530512 0.736254 1.11123 1.72022 0.797486 2.34253 1.95829 1.50798 2.26584
1405 0.391237 0.525236 0.728933 1.1001 1.70282 0.809524 2.25528 1.9614 1.52068 2.19651
1410 0.387023 0.519579 0.721081 1.08812 1.68325 0.862985 2.37567 2.05244 1.49875 2.21718
1415 0.382762 0.513858 0.713142 1.07604 1.66513 0.846407 2.28215 1.94034 1.46139 2.221
1420 0.37848 0.50811 0.705164 1.06389 1.64596 0.799507 2.11713 1.85274 1.43187 2.12417
1425 0.374294 0.50249 0.697365 1.05208 1.62762 0.792224 2.12266 1.8309 1.40929 2.07434
1430 0.37018 0.496967 0.6897 1.04049 1.60959 0.771642 2.02436 1.82307 1.42999 2.05127
1435 0.366062 0.491439 0.682027 1.02882 1.59135 0.734708 2.00582 1.79442 1.37477 2.11706
1440 0.361924 0.485883 0.674318 1.01711 1.57306 0.704276 1.94853 1.7513 1.35574 2.01997
1445 0.357504 0.47995 0.666083 1.00462 1.55356 0.655474 1.90554 1.71207 1.33862 1.99925
1450 0.353421 0.474469 0.658476 0.993049 1.53551 0.592179 1.7416 1.66826 1.30922 1.95802
1455 0.352698 0.473497 0.657128 0.991015 1.53226 0.556097 1.71945 1.68167 1.29288 1.93455
1460 0.351795 0.472285 0.655446 0.988473 1.52798 0.510051 1.59036 1.66644 1.34377 1.90675
1465 0.350806 0.470958 0.653604 0.985691 1.5239 0.479046 1.48705 1.6553 1.28569 1.93569
1470 0.349718 0.469497 0.651577 0.982631 1.51914 0.458984 1.35224 1.65771 1.30535 1.91717
1475 0.348537 0.467912 0.649377 0.979265 1.51359 0.442072 1.27129 1.65398 1.285 1.9122
1480 0.347291 0.466238 0.647054 0.975726 1.50806 0.441834 1.28246 1.65909 1.2917 1.89437
1485 0.345983 0.464482 0.644617 0.972073 1.50243 0.427682 1.19211 1.64016 1.30234 1.94657
1490 0.344609 0.462638 0.642058 0.968243 1.49656 0.413071 1.12793 1.67138 1.22791 1.97174
1495 0.343149 0.460678 0.639337 0.964176 1.49034 0.407403 1.07703 1.7177 1.24405 1.94582
1500 0.341487 0.458447 0.636241 0.959506 1.48272 0.420967 1.12977 1.69654 1.31527 1.90557
1505 0.346251 0.464843 0.645117 0.972906 1.5036 0.415324 1.09531 1.70339 1.3065 1.96439
1510 0.350876 0.471051 0.653734 0.985875 1.52344 0.418156 1.14383 1.69265 1.30668 1.9303
1515 0.355521 0.477287 0.662388 0.998965 1.54362 0.416933 1.11694 1.72858 1.31549 1.93876
1520 0.360213 0.483587 0.671131 1.0122 1.56406 0.435569 1.19655 1.77268 1.32948 1.97176
1525 0.364876 0.489846 0.679817 1.02523 1.58373 0.448122 1.25918 1.77707 1.33373 2.00993
1530 0.369564 0.496141 0.688553 1.03834 1.60378 0.47998 1.32626 1.89442 1.34375 2.11508
1535 0.37437 0.502593 0.697508 1.05185 1.62456 0.512893 1.38179 2.05023 1.36315 2.1974
1540 0.379191 0.509064 0.706489 1.06538 1.64536 0.557449 1.47209 2.1904 1.38506 2.31309
1545 0.384096 0.51565 0.715628 1.07924 1.66686 0.619765 1.6058 2.37076 1.39492 2.44242
1550 0.38891 0.522113 0.724598 1.0928 1.68783 0.724033 1.82666 2.55609 1.40921 2.47787
1555 0.407524 0.547102 0.759278 1.14528 1.76887 0.785159 1.84781 2.77782 1.46561 2.77449
1560 0.428158 0.574803 0.797722 1.20194 1.85624 0.904564 2.01351 3.01962 1.53447 3.20303
1565 0.45012 0.604287 0.838641 1.26409 1.95222 0.952578 2.0101 3.26516 1.61862 3.30999
1570 0.474355 0.636823 0.883794 1.33269 2.05806 1.04833 2.14707 3.47428 1.70351 3.66637
1575 0.501919 0.673828 0.935151 1.40901 2.17588 1.12028 2.19659 3.75319 1.80945 4.0058
1580 0.531849 0.714009 0.990914 1.49437 2.3079 1.19685 2.23439 4.05838 1.92195 4.28615
1585 0.564798 0.758243 1.0523 1.59027 2.45563 1.30462 2.46261 4.41812 2.03756 4.63244
1590 0.603878 0.810707 1.12511 1.6996 2.62454 1.35091 2.53347 4.58965 2.19243 4.91466
1595 0.647918 0.869831 1.20717 1.82444 2.81721 1.39478 2.69818 4.76002 2.38204 5.14499
1600 0.698691 0.937995 1.30177 1.9683 3.03906 1.47837 2.77144 5.14246 2.57018 5.60123
1620 0.874515 1.17404 1.62935 2.4606 3.79693 1.45165 2.87318 6.39784 3.0779 6.60214
1640 1.16101 1.55866 2.16314 3.26286 5.03656 1.56008 3.41729 7.03706 4.15014 8.02065
1660 1.38815 1.86359 2.58633 3.89978 6.01247 1.70884 3.98304 7.89408 4.94926 8.6465
1680 1.39243 1.86934 2.59431 3.91006 6.02252 1.62929 3.75445 7.27018 4.9588 8.96415
1700 1.40162 1.88168 2.61143 3.93284 6.04723 1.64984 3.73343 6.53556 4.98505 10.0512
1720 1.27424 1.71067 2.3741 3.57034 5.47274 1.54792 3.35435 5.43251 4.39391 10.3777
1740 1.17908 1.58292 2.1968 3.29828 5.03903 1.33982 2.96311 4.73694 3.97124 9.09696
1760 1.00238 1.34569 1.86757 2.79816 4.25318 1.14361 2.58459 3.60792 3.33587 8.2473
1780 0.818544 1.0989 1.52507 2.28173 3.45117 0.926548 2.22214 2.73255 2.68754 6.58838
1800 0.706197 0.94807 1.31575 1.96291 2.95362 0.85041 2.15593 2.15772 2.26417 5.68914
1820 0.486836 0.653579 0.907048 1.34683 2.0163 0.609129 1.58777 1.33945 1.58138 4.02479
1840 0.380197 0.510415 0.708363 1.05015 1.56652 0.457501 1.16641 0.978074 1.26938 3.20243
1860 0.331794 0.445434 0.618181 0.914426 1.35902 0.390907 0.943475 0.815737 1.18174 2.86885
1880 0.309061 0.414916 0.575827 0.850168 1.25922 0.38174 0.846653 0.739906 1.32874 2.54237
1900 0.289533 0.388699 0.539443 0.795081 1.17419 0.389598 0.808161 0.673571 1.4258 2.24532
1920 0.289506 0.388662 0.539393 0.794372 1.17127 0.416792 0.851238 0.664524 1.46675 2.20918
1940 0.287263 0.385651 0.535213 0.78772 1.15999 0.405274 0.884604 0.65573 1.40903 2.14531
1960 0.287702 0.386241 0.536032 0.788557 1.16039 0.439582 1.00965 0.678359 1.33947 2.29768
1980 0.290564 0.390083 0.541364 0.795873 1.16955 0.49861 1.15292 0.714734 1.35914 2.30994
2000 0.291442 0.391261 0.542999 0.798035 1.17201 0.545754 1.24364 0.75893 1.37142 2.34161
2020 0.296078 0.397485 0.551637 0.810727 1.19058 0.619107 1.60019 0.780361 1.3844 2.24385
2040 0.299267 0.401766 0.557579 0.81956 1.20361 0.681009 1.80463 0.771799 1.4976 2.14807
2060 0.301374 0.404595 0.561505 0.825491 1.21165 0.797222 2.09151 0.763484 1.75579 1.8981
2080 0.302457 0.406049 0.563522 0.828648 1.21676 0.878094 2.28006 0.738802 2.04869 1.6456
2100 0.302503 0.406111 0.563609 0.828869 1.21861 0.860392 2.33161 0.743265 2.03476 1.41846
2120 0.305491 0.410123 0.569176 0.837384 1.23068 0.885704 2.51135 0.79726 2.0935 1.28435
2140 0.307795 0.413216 0.573468 0.843929 1.24061 0.839696 2.48486 0.886145 2.01043 1.17697
2160 0.309794 0.415899 0.577193 0.849672 1.24967 0.768851 2.51494 0.895515 1.75238 1.15363
2180 0.311442 0.418112 0.580263 0.854437 1.25729 0.707311 2.46001 0.881008 1.56728 1.13517
2200 0.312841 0.419989 0.582869 0.858624 1.26523 0.698588 2.34858 0.880533 1.6705 1.15671
2220 0.31546 0.423505 0.587748 0.866025 1.27663 0.66231 2.28156 0.822565 1.56083 1.28933
2240 0.317762 0.426597 0.592039 0.872542 1.28708 0.578329 2.10244 0.787733 1.51922 1.30998
2260 0.319956 0.429541 0.596125 0.878764 1.2968 0.543671 1.98623 0.779085 1.44423 1.47056
2280 0.322031 0.432328 0.599992 0.884667 1.30646 0.499382 1.82985 0.78391 1.4775 1.52348
2300 0.32399 0.434958 0.603642 0.89027 1.31529 0.533439 1.78859 0.787953 1.78385 1.64708
2320 0.32584 0.437441 0.607089 0.895581 1.32376 0.563418 1.67934 0.831625 1.89434 1.72607
2340 0.327609 0.439816 0.610385 0.900684 1.33196 0.705295 1.76427 0.874488 2.19634 1.94167
2360 0.329448 0.442284 0.61381 0.906104 1.34082 0.863545 1.83996 0.986098 2.41005 2.13638
2380 0.331243 0.444695 0.617156 0.911302 1.3493 0.986555 1.80763 1.07133 2.72954 2.25683
2400 0.332934 0.446965 0.620306 0.916094 1.35596 1.05686 1.73722 1.18324 2.84923 2.32969
2420 0.335508 0.45042 0.625102 0.923496 1.36869 1.14113 1.74288 1.33393 3.03856 2.28794
2440 0.338 0.453766 0.629745 0.930576 1.37977 1.15802 1.76178 1.32987 3.0513 2.33028
2460 0.340534 0.457167 0.634465 0.937703 1.39128 1.16007 1.69628 1.51043 2.95486 2.29557
2480 0.343289 0.460866 0.639598 0.945586 1.40433 1.15308 1.67806 1.62942 2.99011 2.23384
2500 0.34605 0.464573 0.644743 0.953353 1.41624 1.07312 1.58882 1.7617 2.79993 2.079
2520 0.34893 0.468439 0.650108 0.961432 1.42856 0.957856 1.49233 1.78782 2.53946 1.97927
2540 0.351959 0.472506 0.655753 0.970079 1.44166 0.845451 1.39031 1.78414 2.42553 1.83077
2560 0.355006 0.476597 0.66143 0.978755 1.45465 0.75157 1.38828 1.80346 2.07233 1.79438
2580 0.357986 0.480598 0.666982 0.987244 1.46772 0.683992 1.33904 1.77532 2.10813 1.7613
2600 0.360761 0.484323 0.672152 0.995102 1.47981 0.697573 1.38441 1.63521 2.10643 1.94533
2620 0.369557 0.496131 0.68854 1.0199 1.51807 0.709298 1.47829 1.6721 1.98939 1.97469
2640 0.371539 0.498791 0.692232 1.02548 1.52683 0.773884 1.40507 1.67624 2.11871 2.27056
2660 0.373394 0.501282 0.695689 1.03077 1.53501 0.798156 1.43639 1.69893 1.97783 2.3929
2680 0.375076 0.50354 0.698823 1.03559 1.54271 0.81785 1.41661 1.68372 1.99896 2.53114
2700 0.376604 0.505591 0.701669 1.0399 1.54954 0.828024 1.39084 1.69634 2.07525 2.56123
2720 0.378187 0.507717 0.704619 1.04462 1.55733 0.808286 1.40944 1.67616 1.96998 2.52562
2740 0.379642 0.50967 0.707329 1.04888 1.56447 0.783736 1.44615 1.55862 2.10128 2.48527
2760 0.381185 0.511742 0.710205 1.05354 1.57273 0.744907 1.38062 1.5114 2.12989 2.40686
2780 0.382597 0.513637 0.712834 1.05785 1.58019 0.710062 1.39277 1.42982 2.20519 2.27135
2800 0.383701 0.515119 0.714891 1.06127 1.58645 0.650845 1.26256 1.49472 2.15218 2.04262
2820 0.385186 0.517113 0.717658 1.06561 1.59365 0.61399 1.23216 1.45454 2.02564 2.03513
2840 0.386344 0.518667 0.719816 1.06903 1.59942 0.618183 1.19279 1.56478 2.20821 1.92921
2860 0.387585 0.520333 0.722128 1.07271 1.60565 0.554798 1.14321 1.58238 2.03278 1.74188
2880 0.388633 0.521741 0.724082 1.07567 1.61023 0.532697 1.10008 1.63279 1.91878 1.71356
2900 0.389918 0.523466 0.726476 1.07943 1.61646 0.512517 1.01888 1.74448 1.92455 1.59638
2950 0.39276 0.527282 0.731771 1.0872 1.62855 0.500492 1.02554 1.767 1.82205 1.65439
3000 0.398063 0.534401 0.741651 1.10379 1.65755 0.461751 0.998111 1.62184 1.7905 1.68991
3050 0.401001 0.538345 0.747125 1.11256 1.67257 0.486531 0.988102 1.54659 2.14243 1.79231
3100 0.40333 0.541472 0.751465 1.11999 1.68734 0.602371 0.993575 1.57365 2.5217 2.19135
3150 0.405298 0.544114 0.755131 1.12628 1.6994 0.755235 0.971103 1.69985 2.92461 2.366
3200 0.406215 0.545344 0.756839 1.12942 1.70497 0.819413 1.01498 1.77453 2.91832 2.53259
3250 0.405791 0.544775 0.756048 1.12903 1.70674 0.862127 0.99756 1.8397 3.03133 2.5965
3300 0.404602 0.543179 0.753834 1.12657 1.70505 0.882136 1.05523 1.80948 2.94462 2.66916
3350 0.402501 0.540359 0.74992 1.1212 1.69947 0.807071 1.05225 1.75552 2.80685 2.60675
3400 0.39995 0.536933 0.745166 1.11442 1.68978 0.720621 1.12316 1.57701 2.53591 2.41805
3450 0.394976 0.530256 0.735899 1.10081 1.6708 0.615295 1.13637 1.43911 2.45062 2.2599
3500 0.389781 0.523282 0.726221 1.08718 1.65311 0.557651 1.19363 1.39181 2.21372 2.13888
3600 0.378584 0.50825 0.705358 1.0571 1.61155 0.489157 1.30497 1.29123 1.83276 1.78407
3700 0.396066 0.531719 0.737929 1.10762 1.69254 0.529754 1.60902 1.36794 1.66472 1.74864
3800 0.411867 0.552932 0.76737 1.1536 1.7664 0.500771 1.63243 1.42783 1.48976 1.72095
3900 0.440042 0.590757 0.819863 1.2353 1.89988 0.523667 1.7158 1.42615 1.67005 1.99203
4000 0.469767 0.630663 0.875245 1.32208 2.04214 0.646953 2.00069 1.61251 1.9962 2.46036
4200 0.538984 0.723587 1.00421 1.52602 2.37916 0.99836 2.68897 1.99409 2.41986 3.72892
4400 0.626562 0.841161 1.16738 1.78582 2.81157 1.66511 3.57134 2.49689 3.72985 4.44214
4600 0.718563 0.964672 1.33879 2.06327 3.28688 2.33384 4.76061 2.99615 4.7942 5.42651
4800 0.849022 1.13981 1.58185 2.45491 3.96576 3.1693 6.14775 4.30137 5.91095 6.52003
5000 0.981054 1.31707 1.82785 2.86538 4.70841 3.60108 7.45695 5.06746 6.5327 7.38365
5200 1.15974 1.55695 2.16077 3.42198 5.73327 4.27597 9.14687 7.00275 7.4477 8.27983
5400 1.3607 1.82674 2.53519 4.06898 6.97086 4.91833 10.7479 8.91602 8.22709 9.23016
5600 1.60774 2.15839 2.99546 4.89712 8.60858 5.57431 12.5857 10.7427 9.08836 10.656
5800 1.89648 2.54603 3.53342 5.90145 10.7035 6.40143 15.579 13.4963 9.35546 11.3034
6000 2.28073 3.06188 4.24933 7.23636 13.6183 7.42253 18.4939 16.1877 11.5047 12.8331
