1100 0.00166168 10.233
1105 2.01709 5.91666
1110 0.0231896 378.25
1115 0.00541298 9.3553
1120 0.00325102 12.5264
1125 3.09888e-05 7.04274
1130 0.897022 4.93962
1135 2.02577 3.70957
1140 2.51391 3.6464
1145 2.73651 3.35542
1150 2.07394 2.68711
1155 1.75065 2.3874
1160 1.69741 2.1231
1165 1.61319 2.06423
1170 1.61177 2.05328
1175 1.48305 1.97784
1180 1.46918 2.02336
1185 1.41633 1.984
1190 1.64951 1.99854
1195 1.61664 1.9476
1200 1.55306 1.83441
1205 1.57871 1.72351
1210 1.90659 1.7652
1215 1.96721 1.66874
1220 1.94451 1.5685
1225 2.02009 1.50215
1230 2.13711 1.45141
1235 2.07278 1.37718
1240 1.9543 1.29387
1245 1.75884 1.18027
1250 1.55601 1.09512
1255 1.43978 1.03552
1260 1.37733 1.006
1265 1.19842 0.931518
1270 1.00736 0.859549
1275 0.82119 0.797305
1280 0.642983 0.753248
1285 0.517339 0.70887
1290 0.172276 0.654191
1295 0.000473063 2.21984
1300 7.51203e-08 0.802268
1305 1.90429e-05 0.465865
1310 1.08777e-06 0.364155
1315 3.33677e-05 0.257275
1320 3.30213e-05 0.246969
1325 7.96021e-05 0.257146
1330 0 0.175522
1335 7.66054e-13 0.168298
1340 2.9643e-12 0.152463
1345 2.26485e-12 0.150514
1350 4.66294e-13 0.132015
1355 0 0.12192
1360 2.9976e-13 0.122236
1365 2.66454e-13 0.134762
1370 2.24046e-06 0.143145
1375 1.2197e-06 0.147623
1380 1.33293e-10 0.160515
1385 5.33473e-10 0.227451
1390 8.16214e-10 0.344097
1395 0.000332102 1.92678
1400 0.0845631 0.251076
1405 0.118734 0.239422
1410 0.168214 0.251052
1415 0.179515 0.241134
1420 0.156671 0.225865
1425 0.155557 0.223898
1430 0.140458 0.219738
1435 0.103669 0.215515
1440 0.0762833 0.208644
1445 0.0213525 0.483529
1450 1.42474e-06 0.536711
1455 4.68925e-10 0.2342
1460 8.09521e-07 0.144869
1465 1.9385e-06 0.119779
1470 5.59552e-12 0.106861
1475 1.35021e-06 0.0980473
1480 1.34638e-06 0.0973322
1485 3.03091e-12 0.0911969
1490 6.65135e-11 0.0864218
1495 2.09499e-11 0.0841653
1500 2.97148e-07 0.0886825
1505 2.29816e-11 0.0859291
1510 1.37557e-11 0.0861775
1515 8.82627e-12 0.0854142
1520 4.996e-12 0.0907578
1525 6.32827e-13 0.0950661
1530 3.04216e-06 0.109728
1535 4.91788e-06 0.128248
1540 2.80608e-06 0.163693
1545 4.88373e-06 0.234992
1550 0.00388191 2.18838
1555 0.0306073 0.640547
1560 0.108256 0.281399
1565 0.133238 0.291883
1570 0.176472 0.320249
1575 0.20269 0.34296
1580 0.228024 0.363369
1585 0.259856 0.399581
1590 0.233751 0.425016
1595 0.188532 0.449398
1600 0.177024 0.479048
1620 4.13568e-05 0.619223
1640 3.10107e-05 0.369311
1660 1.22238e-06 0.363794
1680 2.04637e-07 0.335961
1700 1.07181e-10 0.34469
1720 4.32393e-06 0.342936
1740 2.74877e-06 0.283386
1760 5.36929e-06 0.24284
1780 1.35181e-05 0.193922
1800 8.27749e-05 0.201114
1820 8.55316e-11 0.174004
1840 4.13602e-10 0.121664
1860 1.86717e-10 0.0930769
1880 2.18559e-10 0.0936548
1900 1.73794e-10 0.122662
1920 1.52274e-05 0.196094
1940 1.58988e-05 0.152338
1960 1.28907e-05 0.173203
1980 1.98132e-07 0.498295
2000 0.0186842 0.588703
2020 0.0725203 0.236105
2040 0.117857 0.255081
2060 0.240426 0.267139
2080 0.325472 0.267235
2100 0.314538 0.261187
2120 0.321233 0.275749
2140 0.267079 0.270347
2160 0.201937 0.26329
2180 0.146608 0.251165
2200 0.131669 0.248208
2220 0.0894229 0.242505
2240 6.98683e-06 2.68868
2260 9.68791e-05 0.434506
2280 5.33152e-06 0.194135
2300 3.44979e-07 0.233521
2320 6.16696e-05 0.34167
2340 0.0768969 0.265966
2360 0.242888 0.290206
2380 0.353054 0.303344
2400 0.42365 0.308488
2420 0.484637 0.325324
2440 0.498595 0.328144
2460 0.487832 0.332627
2480 0.476767 0.332554
2500 0.399055 0.324594
2520 0.289147 0.306147
2540 0.174161 0.292272
2560 0.0605308 0.447645
2580 9.7083e-08 0.617286
2600 1.12787e-06 0.861247
2620 0.00107071 1.12506
2640 0.0667214 0.31165
2660 0.109346 0.27525
2680 0.124063 0.280966
2700 0.144237 0.289567
2720 0.120011 0.281338
2740 0.0765739 0.290794
2760 0.0376058 0.543989
2780 0.000103425 427.502
2800 0.000143584 0.657172
2820 1.57811e-05 0.36623
2840 2.97271e-05 0.324379
2860 4.79616e-12 0.182183
2880 2.45737e-10 0.162456
2900 2.14619e-06 0.148012
2950 2.85705e-07 0.132625
3000 3.75686e-05 0.103996
3050 1.53877e-11 0.112161
3100 4.50283e-06 0.226009
3150 0.0425045 0.608142
3200 0.104365 0.292498
3250 0.148383 0.281946
3300 0.165265 0.296154
3350 0.0891778 0.27569
3400 0.00319941 14.7383
3450 1.02913e-06 0.249133
3500 3.22055e-06 0.156985
3600 7.54063e-10 0.121679
3700 3.8442e-05 0.153918
3800 1.06998e-09 0.123647
3900 1.70808e-08 0.11583
4000 4.36318e-12 0.155336
4200 3.72369e-10 0.770376
4400 0.420154 0.515026
4600 0.836279 0.651473
4800 1.26898 0.819664
5000 1.35545 0.940122
5200 1.52529 1.13369
5400 1.62669 1.30499
5600 1.67444 1.46661
5800 1.76433 1.64024
6000 1.8171 1.85684
