1100 3.27278e-06 7.65455
1105 3.54819e-06 6.72513
1110 4.00913e-06 6.05196
1115 5.45914e-06 5.50861
1120 6.80419e-06 5.11787
1125 6.89919e-06 4.63583
1130 7.84267e-06 4.31287
1135 6.38739e-06 3.95784
1140 7.72337e-06 3.72963
1145 1.2193e-05 3.74666
1150 8.53981e-06 3.29721
1155 9.72656e-06 2.97224
1160 1.12276e-05 2.6818
1165 1.22361e-05 2.45484
1170 3.214e-06 2.48068
1175 4.38535e-06 2.25374
1180 3.46919e-06 2.04653
1185 6.22562e-06 1.94057
1190 1.51095e-05 1.91631
1195 7.14091e-06 1.9475
1200 2.0254e-05 2.0833
1205 9.43398e-06 1.52322
1210 0.000804987 3.5603
1215 0.068925 19.4421
1220 0.520794 2.47422
1225 1.14866 2.12761
1230 1.25965 2.02499
1235 1.41242 1.93847
1240 1.40371 1.82778
1245 1.40612 1.74234
1250 1.30561 1.67573
1255 1.24224 1.57345
1260 1.15428 1.50322
1265 1.08394 1.44127
1270 0.996198 1.37601
1275 0.863265 1.31219
1280 0.77754 1.26395
1285 0.713032 1.21246
1290 0.359965 1.16791
1295 0.310736 1.12554
1300 0.244169 1.21904
1305 0.133015 2.11006
1310 0.0184612 6.6752
1315 0.000369518 1.50225
1320 0.000268216 1.33076
1325 1.8611e-05 2.65388
1330 0.000173321 0.846928
1335 4.47751e-05 0.979164
1340 0.000156158 0.775942
1345 9.35423e-05 0.715973
1350 1.97594e-05 0.552447
1355 2.93772e-06 0.457002
1360 6.1732e-06 0.449731
1365 5.67936e-05 0.610079
1370 1.51442e-09 0.538379
1375 1.41034e-06 0.422876
1380 9.17512e-06 0.409529
1385 8.6324e-06 0.369518
1390 1.83262e-05 0.353606
1395 6.16072e-06 0.340985
1400 2.73307e-05 0.354091
1405 1.17697e-06 0.363252
1410 5.8894e-06 0.35606
1415 4.13299e-05 0.341214
1420 1.45675e-05 0.330887
1425 6.55545e-06 0.324492
1430 1.28822e-05 0.336507
1435 2.57733e-05 0.314955
1440 1.03945e-05 0.30928
1445 8.55567e-06 0.304183
1450 1.03982e-06 0.296195
1455 2.77642e-05 0.291027
1460 2.45477e-06 0.311719
1465 4.9024e-05 0.289872
1470 1.0366e-05 0.298031
1475 1.70882e-06 0.291257
1480 4.40819e-05 0.295063
1485 5.18936e-05 0.300581
1490 1.86838e-07 0.273892
1495 4.12756e-06 0.280256
1500 9.88839e-07 0.311249
1505 9.99877e-05 0.303173
1510 4.8648e-05 0.300149
1515 4.49031e-05 0.300682
1520 4.65985e-05 0.30344
1525 2.36332e-05 0.302822
1530 1.39207e-05 0.304187
1535 1.47102e-05 0.308757
1540 7.23919e-06 0.314041
1545 4.94781e-06 0.315407
1550 1.74158e-06 0.318007
1555 5.79591e-07 0.329271
1560 1.13475e-06 0.344266
1565 1.77162e-05 0.363622
1570 2.08855e-06 0.382576
1575 7.73497e-06 0.407218
1580 1.18637e-05 0.432851
1585 1.20252e-06 0.458134
1590 8.23534e-05 0.495074
1595 2.19942e-05 0.54178
1600 5.58708e-05 0.584336
1620 0.000155703 0.68101
1640 4.26565e-05 0.924345
1660 0.000123909 1.09498
1680 2.19804e-05 1.09345
1700 2.3234e-05 1.096
1720 6.66704e-05 0.953867
1740 0.000194556 0.854895
1760 7.56361e-06 0.712433
1780 1.90753e-06 0.56738
1800 0.00019687 0.472341
1820 3.70665e-07 0.326512
1840 4.48715e-05 0.263738
1860 6.45917e-06 0.264781
1880 7.41649e-05 0.587041
1900 0.132119 0.436078
1920 0.235944 0.429251
1940 0.161289 0.435915
1960 0.0448349 1.0846
1980 0.0382473 1.21455
2000 0.0340883 1.23943
2020 0.000917434 2.61452
2040 0.00946795 3.63213
2060 0.240797 0.625984
2080 0.569502 0.62798
2100 0.60093 0.59669
2120 0.62042 0.617544
2140 0.538453 0.613044
2160 0.24745 0.612342
2180 0.0698495 1.10365
2200 0.172311 0.554499
2220 0.108758 0.544483
2240 0.068628 0.802095
2260 0.00256319 2.69858
2280 0.000401151 0.966943
2300 0.0618937 1.40342
2320 0.25427 0.637087
2340 0.524986 0.688777
2360 0.714373 0.728482
2380 0.97627 0.788985
2400 1.09631 0.794483
2420 1.23448 0.827801
2440 1.24089 0.828186
2460 1.16542 0.810533
2480 1.13732 0.837356
2500 0.960286 0.820151
2520 0.696378 0.79668
2540 0.514049 0.812376
2560 0.121761 1.25056
2580 0.0688446 2.30656
2600 0.141439 1.08586
2620 0.0647648 1.71913
2640 0.239964 0.668286
2660 0.173271 0.600196
2680 0.197709 0.597837
2700 0.20056 0.644807
2720 0.150321 0.640123
2740 0.180845 0.703635
2760 0.252618 0.680552
2780 0.296143 0.689886
2800 0.278807 0.643465
2820 0.233489 0.591753
2840 0.305022 0.65042
2860 0.152148 0.636083
2880 0.0754447 1.12204
2900 0.0210916 3.17457
2950 1.26175e-05 1.12626
3000 0.000125883 0.787332
3050 0.089969 1.47803
3100 0.499887 0.769506
3150 0.844808 0.850117
3200 0.857742 0.836655
3250 0.93973 0.869408
3300 0.901196 0.847158
3350 0.77083 0.821628
3400 0.593152 0.749929
3450 0.443674 0.745727
3500 0.20717 0.70898
3600 9.37516e-05 0.842968
3700 0.000188395 0.509851
3800 2.89373e-06 0.359584
3900 2.6093e-05 0.418511
4000 0.000160957 0.655089
4200 0.000261848 1.31725
4400 0.723593 1.0746
4600 1.24346 1.28782
4800 1.55085 1.56547
5000 1.5799 1.73283
5200 1.41359 2.0339
5400 1.0628 2.34531
5600 0.273205 7.38404
5800 0.00245794 5.95188
6000 0.00265396 6.19873
