1100 19.2926 25.9003 35.945 56.5503 97.8308 32.1293
1105 17.177 23.0602 32.0033 50.3227 86.8647 28.2012
1110 15.5002 20.809 28.8791 45.3864 78.1984 25.3999
1115 14.1428 18.9867 26.3501 41.393 71.1728 23.2214
1120 13.0159 17.4738 24.2505 38.0789 65.3354 21.5398
1125 12.071 16.2053 22.49 35.2946 60.4357 19.5603
1130 11.2687 15.1282 20.9952 32.9821 56.295 18.2234
1135 10.5706 14.191 19.6946 30.8911 52.6801 16.8386
1140 9.96117 13.3729 18.5591 29.1474 49.5195 15.871
1145 9.42279 12.6501 17.5561 27.5586 46.7436 15.6971
1150 8.92519 11.9821 16.6289 26.0912 44.1881 14.1038
1155 8.03234 10.7834 14.9654 23.4673 39.674 12.7081
1160 7.27948 9.77272 13.5628 21.3346 35.9968 11.4967
1165 6.68619 8.97622 12.4574 19.582 32.9914 10.5317
1170 6.18413 8.30221 11.522 18.0985 30.4601 10.3035
1175 5.75778 7.72982 10.7276 16.8387 28.2994 9.47239
1180 5.39378 7.24116 10.0494 15.7502 26.4422 8.64596
1185 5.07071 6.80744 9.44749 14.7998 24.8202 8.16882
1190 4.78725 6.42689 8.91935 13.9668 23.3978 7.93054
1195 4.53206 6.0843 8.4439 13.216 22.1178 7.73578
1200 4.30334 5.77724 8.01776 12.5449 20.9785 7.71157
1205 4.00912 5.38225 7.46959 11.679 19.5027 6.41515
1210 3.75009 5.03451 6.98698 10.9185 18.2106 7.53661
1215 3.52373 4.73061 6.56523 10.2537 17.0819 7.80074
1220 3.32439 4.463 6.19383 9.66835 16.0856 7.73898
1225 3.14787 4.22602 5.86495 9.15052 15.2077 7.77171
1230 2.98915 4.01294 5.56924 8.67076 14.4189 7.49548
1235 2.84622 3.82106 5.30294 8.25288 13.7106 7.34952
1240 2.71708 3.64768 5.06232 7.87554 13.0718 6.97475
1245 2.59788 3.48766 4.84024 7.52783 12.4844 6.70558
1250 2.48381 3.33452 4.62771 7.1959 11.9258 6.40831
1255 2.37785 3.19227 4.43029 6.88525 11.4004 6.05962
1260 2.27663 3.05638 4.2417 6.58993 10.9042 5.76237
1265 2.18328 2.93106 4.06778 6.31811 10.4515 5.50339
1270 2.09686 2.81504 3.90677 6.06587 10.028 5.22804
1275 2.01851 2.70986 3.76079 5.83821 9.64727 4.92958
1280 1.9437 2.60943 3.62141 5.61993 9.2811 4.70784
1285 1.87468 2.51676 3.49281 5.41909 8.94609 4.5078
1290 1.80363 2.42138 3.36044 5.22987 8.62843 4.10137
1295 1.74244 2.33923 3.24643 5.05131 8.33269 3.92767
1300 1.683 2.25943 3.13567 4.8783 8.04695 3.74685
1305 1.62494 2.18149 3.02751 4.70786 7.76126 3.5375
1310 1.56964 2.10724 2.92447 4.54628 7.49269 3.29016
1315 1.5183 2.03833 2.82883 4.39261 7.23987 2.94461
1320 1.46828 1.97117 2.73562 4.24708 6.99889 2.81667
1325 1.42153 1.9084 2.64851 4.11008 6.77052 2.86618
1330 1.37803 1.85001 2.56748 3.9841 6.56397 2.50114
1335 1.33633 1.79402 2.48977 3.86294 6.36422 2.49033
1340 1.29712 1.74139 2.41673 3.74951 6.17832 2.34278
1345 1.25916 1.69042 2.34599 3.63935 5.99696 2.25752
1350 1.22189 1.64039 2.27656 3.53131 5.81907 2.06533
1355 1.1953 1.60469 2.22703 3.45387 5.69039 1.88876
1360 1.16956 1.57014 2.17907 3.37939 5.5678 1.85833
1365 1.14398 1.5358 2.13141 3.30488 5.44385 2.02078
1370 1.11875 1.50192 2.08439 3.23174 5.32315 1.92574
1375 1.09495 1.46997 2.04006 3.16293 5.20995 1.74125
1380 1.07148 1.43847 1.99633 3.09471 5.09699 1.68853
1385 1.04879 1.408 1.95405 3.02898 4.98883 1.59106
1390 1.02618 1.37765 1.91193 2.96362 4.88142 1.53799
1395 1.00463 1.34872 1.87178 2.90143 4.77953 1.49261
1400 0.983058 1.31976 1.83158 2.83906 4.67694 1.50798
1405 0.975648 1.30981 1.81778 2.81745 4.64125 1.52068
1410 0.967136 1.29838 1.80192 2.79266 4.60012 1.49875
1415 0.957941 1.28604 1.78479 2.76591 4.5557 1.46139
1420 0.94858 1.27347 1.76735 2.7387 4.51095 1.43187
1425 0.939697 1.26154 1.7508 2.71313 4.4691 1.40929
1430 0.930745 1.24953 1.73412 2.68712 4.42609 1.42999
1435 0.921989 1.23777 1.7178 2.66167 4.38402 1.37477
1440 0.912758 1.22538 1.7006 2.63479 4.33939 1.35574
1445 0.903771 1.21331 1.68386 2.60888 4.297 1.33862
1450 0.893864 1.20001 1.6654 2.58024 4.24984 1.30922
1455 0.89044 1.19542 1.65902 2.57031 4.23316 1.29288
1460 0.886834 1.19058 1.6523 2.5599 4.21589 1.34377
1465 0.88304 1.18548 1.64523 2.54899 4.19798 1.28569
1470 0.878869 1.17988 1.63746 2.53695 4.17796 1.30535
1475 0.874606 1.17416 1.62952 2.52455 4.15715 1.285
1480 0.870186 1.16823 1.62129 2.51168 4.13575 1.2917
1485 0.86566 1.16215 1.61285 2.49862 4.11433 1.30234
1490 0.861168 1.15612 1.60448 2.48571 4.09334 1.22791
1495 0.856399 1.14972 1.5956 2.47199 4.07097 1.24405
1500 0.85076 1.14215 1.58509 2.45562 4.0437 1.31527
1505 0.86232 1.15767 1.60663 2.48923 4.09952 1.3065
1510 0.873207 1.17228 1.62691 2.5207 4.15131 1.30668
1515 0.884433 1.18735 1.64783 2.55341 4.20585 1.31549
1520 0.895534 1.20226 1.66851 2.58569 4.25954 1.32948
1525 0.906587 1.2171 1.68911 2.61753 4.31164 1.33373
1530 0.918101 1.23255 1.71056 2.65082 4.36653 1.34375
1535 0.929893 1.24838 1.73253 2.68499 4.42309 1.36315
1540 0.941878 1.26447 1.75486 2.71976 4.48074 1.38506
1545 0.9539 1.28061 1.77726 2.75473 4.53908 1.39492
1550 0.965762 1.29654 1.79936 2.78914 4.59622 1.40921
1555 1.01272 1.35957 1.88684 2.92516 4.81986 1.46561
1560 1.06318 1.42732 1.98085 3.07125 5.05975 1.53447
1565 1.11834 1.50137 2.08363 3.23095 5.32193 1.61862
1570 1.17935 1.58328 2.19731 3.40769 5.61235 1.70351
1575 1.24698 1.67407 2.32331 3.60353 5.93403 1.80945
1580 1.32245 1.77539 2.46391 3.82216 6.29325 1.92195
1585 1.40694 1.88882 2.62134 4.06672 6.69461 2.03756
1590 1.50407 2.01921 2.8023 4.34839 7.15829 2.19243
1595 1.61232 2.16455 3.004 4.66681 7.68082 2.38204
1600 1.73855 2.33401 3.23918 5.03333 8.28334 2.57018
1620 2.18609 2.93483 4.07301 6.30857 10.3771 3.0779
1640 2.91656 3.91548 5.43398 8.4155 13.8302 4.15014
1660 3.51551 4.71958 6.54992 10.1388 16.6372 4.94926
1680 3.54498 4.75915 6.60483 10.2173 16.7362 4.9588
1700 3.5835 4.81085 6.67659 10.3182 16.8558 4.98505
1720 3.24721 4.35938 6.05003 9.34049 15.2083 4.39391
1740 2.97986 4.00047 5.55192 8.58539 13.9162 3.97124
1760 2.54851 3.42138 4.74826 7.31796 11.7834 3.33587
1780 2.10384 2.82441 3.91977 6.02064 9.6231 2.68754
1800 1.82209 2.44616 3.39482 5.19669 8.23482 2.26417
1820 1.30719 1.7549 2.43549 3.71678 5.85278 1.58138
1840 1.03488 1.38933 1.92814 2.93923 4.60643 1.26938
1860 0.888672 1.19304 1.65573 2.51732 3.92772 1.18174
1880 0.800925 1.07524 1.49224 2.26335 3.516 1.32874
1900 0.73042 0.98059 1.36088 2.05963 3.18669 1.4258
1920 0.713793 0.958269 1.3299 2.01305 3.10689 1.46675
1940 0.695352 0.933511 1.29554 1.95652 3.01749 1.40903
1960 0.694212 0.931981 1.29342 1.9518 3.00531 1.33947
1980 0.708189 0.950745 1.31946 1.98948 3.05742 1.35914
2000 0.717787 0.963631 1.33734 2.01557 3.09419 1.37142
2020 0.728185 0.977589 1.35672 2.04508 3.13984 1.3844
2040 0.735192 0.986997 1.36977 2.06522 3.1717 1.4976
2060 0.740191 0.993707 1.37909 2.0801 3.19669 1.75579
2080 0.7436 0.998284 1.38544 2.09039 3.21448 2.04869
2100 0.745254 1.00051 1.38852 2.09543 3.22344 2.03476
2120 0.745075 1.00026 1.38819 2.096 3.2275 2.0935
2140 0.743481 0.998125 1.38522 2.09226 3.22408 2.01043
2160 0.741405 0.995338 1.38135 2.08722 3.219 1.75238
2180 0.737938 0.990683 1.37489 2.07817 3.20748 1.56728
2200 0.733797 0.985124 1.36717 2.06998 3.19422 1.6705
2220 0.741895 0.995995 1.38226 2.0906 3.22851 1.56083
2240 0.748034 1.00424 1.3937 2.10849 3.25777 1.51922
2260 0.754195 1.01251 1.40518 2.12657 3.28792 1.44423
2280 0.76009 1.02042 1.41616 2.14388 3.31698 1.4775
2300 0.766201 1.02863 1.42755 2.1618 3.34681 1.78385
2320 0.772735 1.0374 1.43972 2.18079 3.37799 1.89434
2340 0.77977 1.04684 1.45283 2.20111 3.41089 2.19634
2360 0.787264 1.0569 1.46679 2.2229 3.44649 2.41005
2380 0.795664 1.06818 1.48244 2.24687 3.48434 2.72954
2400 0.804201 1.07964 1.49835 2.27084 3.52107 2.84923
2420 0.812801 1.09119 1.51437 2.29547 3.55987 3.03856
2440 0.821056 1.10227 1.52975 2.3187 3.59526 3.0513
2460 0.828678 1.1125 1.54395 2.34012 3.62809 2.95486
2480 0.836744 1.12333 1.55898 2.36309 3.66421 2.99011
2500 0.84388 1.13291 1.57227 2.38317 3.69514 2.79993
2520 0.850924 1.14237 1.5854 2.40312 3.72618 2.53946
2540 0.857361 1.15101 1.59739 2.42159 3.75287 2.42553
2560 0.863253 1.15892 1.60837 2.4388 3.78367 2.07233
2580 0.868587 1.16608 1.61831 2.45443 3.81106 2.10813
2600 0.872589 1.17145 1.62576 2.46613 3.83064 2.10643
2620 0.896535 1.2036 1.67038 2.53527 3.94193 1.98939
2640 0.903211 1.21256 1.68282 2.55463 3.97342 2.11871
2660 0.909479 1.22098 1.6945 2.57297 4.00232 1.97783
2680 0.915063 1.22847 1.7049 2.58942 4.02994 1.99896
2700 0.920224 1.2354 1.71451 2.60453 4.05634 2.07525
2720 0.925423 1.24238 1.7242 2.62031 4.0827 1.96998
2740 0.930573 1.2493 1.7338 2.63568 4.10986 2.10128
2760 0.936083 1.25669 1.74406 2.65239 4.13912 2.12989
2780 0.940833 1.26307 1.75291 2.6669 4.1654 2.20519
2800 0.94446 1.26794 1.75967 2.67829 4.18656 2.15218
2820 0.945141 1.26885 1.76094 2.68108 4.19368 2.02564
2840 0.944365 1.26781 1.75949 2.67966 4.19401 2.20821
2860 0.943621 1.26681 1.75811 2.67834 4.1945 2.03278
2880 0.942202 1.26491 1.75546 2.67455 4.18933 1.91878
2900 0.942005 1.26464 1.7551 2.67472 4.19187 1.92455
2950 0.93967 1.26151 1.75074 2.66804 4.18177 1.82205
3000 0.94242 1.2652 1.75587 2.68062 4.21414 1.7905
3050 0.954052 1.28082 1.77754 2.71524 4.27322 2.14243
3100 0.964434 1.29475 1.79688 2.74707 4.331 2.5217
3150 0.973836 1.30738 1.8144 2.77598 4.38369 2.92461
3200 0.981209 1.31728 1.82814 2.79872 4.42426 2.91832
3250 0.976297 1.31068 1.81899 2.78701 4.41287 3.03133
3300 0.969476 1.30152 1.80628 2.76986 4.39795 2.94462
3350 0.960812 1.28989 1.79014 2.74638 4.36325 2.80685
3400 0.951621 1.27755 1.77301 2.72089 4.32872 2.53591
3450 0.944814 1.26841 1.76033 2.70207 4.30193 2.45062
3500 0.937894 1.25912 1.74744 2.68407 4.27978 2.21372
3600 0.921226 1.23675 1.71638 2.63855 4.21509 1.83276
3700 0.950206 1.27565 1.77038 2.7256 4.36219 1.66472
3800 0.973327 1.30669 1.81345 2.79643 4.48509 1.48976
3900 1.03111 1.38427 1.92112 2.97082 4.78144 1.67005
4000 1.09478 1.46974 2.03974 3.15186 5.09463 1.9962
4200 1.26384 1.69671 2.35473 3.65543 5.95379 2.41986
4400 1.45041 1.94717 2.70233 4.21813 6.94343 3.72985
4600 1.71115 2.29722 3.18813 5.00324 8.3104 4.7942
4800 2.03497 2.73194 3.79144 5.99609 10.0946 5.91095
5000 2.30071 3.08871 4.28657 6.85709 11.7127 6.5327
5200 2.74273 3.68212 5.11012 8.23565 14.3317 7.4477
5400 3.20662 4.30489 5.9744 9.75749 17.3903 8.22709
5600 3.83051 5.14247 7.13682 11.8355 21.6407 9.08836
5800 4.41401 5.92581 8.22395 13.9143 26.2629 9.35546
6000 5.46522 7.33707 10.1825 17.5802 34.3171 11.5047
