1100 31.9042 42.8315 59.3927 82.7266 110.901 79.7071
1105 28.5917 38.3845 53.3037 74.1373 99.3864 72.123
1110 25.9249 34.8042 48.3268 67.2223 90.1162 63.8332
1115 23.7597 31.8975 44.2854 61.6082 82.5901 53.8045
1120 22.0074 29.5449 40.9881 57.0643 76.4987 42.7808
1125 20.4558 27.462 38.1335 53.0412 71.1055 39.343
1130 19.1605 25.723 35.7169 49.6825 66.6029 33.8925
1135 18.0202 24.1922 33.5888 46.7258 62.6392 27.8935
1140 17.089 22.942 31.7591 44.3112 59.4023 29.9757
1145 16.1764 21.7168 30.0961 41.9448 56.2299 32.8984
1150 15.3444 20.5998 28.5727 39.7874 53.3378 28.0847
1155 13.8858 18.6417 25.8795 36.0053 48.2677 23.5735
1160 12.6902 17.0367 23.656 32.9054 44.112 20.5306
1165 11.693 15.6979 21.7947 30.3195 40.6454 18.1018
1170 10.8712 14.5946 20.2215 28.1886 37.7889 15.7895
1175 10.1295 13.5989 18.8621 26.2654 35.2106 14.6933
1180 9.48628 12.7354 17.6765 24.5976 32.9748 13.6352
1185 8.93262 11.9921 16.6521 23.162 31.0502 13.0652
1190 8.43356 11.3221 15.7211 21.8679 29.3155 11.9489
1195 7.98913 10.7254 14.8916 20.7155 27.7706 11.4345
1200 7.59029 10.19 14.1048 19.6813 26.3842 10.6691
1205 7.09619 9.52664 13.2229 18.4002 24.6667 12.319
1210 6.66632 8.94954 12.4274 17.2855 23.1725 11.1932
1215 6.29356 8.44911 11.732 16.319 21.8767 10.288
1220 5.96554 8.00874 11.1197 15.4684 20.7365 9.55227
1225 5.67066 7.61287 10.5694 14.7038 19.7115 10.262
1230 5.41909 7.27514 10.0786 14.0515 18.837 10.0803
1235 5.17393 6.94602 9.63 13.4158 17.9849 10.064
1240 4.95228 6.64844 9.22299 12.8411 17.2144 10.184
1245 4.74511 6.37032 8.8413 12.3039 16.4942 9.85438
1250 4.55109 6.10984 8.48258 11.8008 15.8198 9.53604
1255 4.31706 5.79566 8.04775 11.194 15.0063 9.52974
1260 4.10035 5.50472 7.64346 10.6321 14.253 10.1387
1265 3.90626 5.24416 7.28103 10.1288 13.5784 9.26695
1270 3.73448 5.01355 6.93885 9.68338 12.9813 8.34332
1275 3.56526 4.78636 6.63357 9.24458 12.393 7.84872
1280 3.40735 4.57438 6.3434 8.83515 11.8441 7.49918
1285 3.26343 4.38116 6.07871 8.46195 11.3438 7.41057
1290 3.13099 4.20336 5.83443 8.11855 10.8835 7.60945
1295 3.00628 4.03594 5.60367 7.79518 10.45 6.86802
1300 2.88805 3.87721 5.38402 7.48861 10.039 6.8215
1305 2.76006 3.70538 5.14492 7.15673 9.5941 5.54447
1310 2.63769 3.54111 4.91666 6.83944 9.16876 5.41557
1315 2.52541 3.39037 4.70708 6.54831 8.77847 4.7063
1320 2.42847 3.26023 4.5158 6.29695 8.4415 4.46212
1325 2.3294 3.12722 4.33493 6.04005 8.09712 4.09197
1330 2.23576 3.00151 4.16761 5.79724 7.77161 3.669
1335 2.15486 2.8929 4.01715 5.58747 7.49039 3.51071
1340 2.07555 2.78643 3.86909 5.38182 7.21471 3.41782
1345 2.00298 2.68901 3.73362 5.19366 6.96246 3.28738
1350 1.93178 2.59342 3.60072 5.00904 6.71497 2.9571
1355 1.88078 2.52495 3.49496 4.87679 6.53768 2.9569
1360 1.82366 2.44827 3.39101 4.7287 6.33915 2.72853
1365 1.76877 2.37458 3.29085 4.58636 6.14834 2.66474
1370 1.71743 2.30566 3.19675 4.45324 5.96989 2.45512
1375 1.66878 2.24034 3.10736 4.32708 5.80076 2.40979
1380 1.62183 2.17731 3.02114 4.20534 5.63756 2.2394
1385 1.57763 2.11797 2.93963 4.09073 5.48391 2.20658
1390 1.53563 2.06158 2.862 3.98183 5.33792 2.10336
1395 1.49522 2.00733 2.78715 3.87704 5.19745 2.00296
1400 1.45607 1.95477 2.71456 3.77553 5.06136 1.986
1405 1.43675 1.92884 2.67844 3.72545 4.99422 1.96906
1410 1.41576 1.90066 2.63927 3.67101 4.92125 2.09179
1415 1.39528 1.87316 2.60049 3.6179 4.85005 1.96416
1420 1.37494 1.84586 2.563 3.56518 4.77937 1.87033
1425 1.35464 1.8186 2.52518 3.51253 4.70879 1.81773
1430 1.33584 1.79337 2.48953 3.46379 4.64345 1.84266
1435 1.31687 1.7679 2.4542 3.41459 4.57751 1.78468
1440 1.29743 1.7418 2.41838 3.36419 4.50994 1.75093
1445 1.2777 1.71532 2.38161 3.31304 4.44137 1.72914
1450 1.26157 1.69365 2.34404 3.27119 4.38527 1.68161
1455 1.25634 1.68664 2.33455 3.25764 4.3671 1.64579
1460 1.25036 1.67861 2.32333 3.24214 4.34632 1.64173
1465 1.24377 1.66977 2.31091 3.22506 4.32342 1.64872
1470 1.23657 1.66009 2.29804 3.20637 4.29837 1.64113
1475 1.22916 1.65015 2.28484 3.18717 4.27263 1.6318
1480 1.22102 1.63922 2.27029 3.16606 4.24432 1.69164
1485 1.21316 1.62867 2.2559 3.14568 4.21701 1.62678
1490 1.20521 1.61799 2.24161 3.12506 4.18936 1.66506
1495 1.19635 1.6061 2.22536 3.10209 4.15857 1.73239
1500 1.18666 1.59309 2.20765 3.07697 4.12489 1.69702
1505 1.20059 1.6118 2.2331 3.11309 4.17332 1.66574
1510 1.21287 1.62829 2.25552 3.14494 4.21601 1.66878
1515 1.22527 1.64492 2.27811 3.17707 4.25909 1.73837
1520 1.23794 1.66194 2.30118 3.20993 4.30314 1.67462
1525 1.2507 1.67907 2.32443 3.24302 4.3475 1.7391
1530 1.26283 1.69535 2.34648 3.27446 4.38965 1.80717
1535 1.27072 1.70594 2.36848 3.29493 4.41709 1.98301
1540 1.28291 1.72231 2.39123 3.32654 4.45946 2.10397
1545 1.29538 1.73905 2.4145 3.35886 4.5028 2.34112
1550 1.30736 1.75513 2.43686 3.38993 4.54444 2.66895
1555 1.36928 1.83826 2.55243 3.55049 4.75968 2.85011
1560 1.43554 1.92721 2.67614 3.7223 4.99 2.94016
1565 1.50843 2.02508 2.81168 3.91131 5.24339 3.24087
1570 1.58922 2.13353 2.96108 4.12078 5.5242 3.49363
1575 1.67954 2.25479 3.12743 4.35499 5.83817 3.73647
1580 1.78063 2.3905 3.31265 4.61711 6.18956 4.02752
1585 1.89497 2.544 3.52096 4.91358 6.58701 4.4047
1590 2.01426 2.70415 3.75455 5.2229 7.00167 4.58745
1595 2.15749 2.89643 4.02203 5.59429 7.49954 4.75406
1600 2.32579 3.12238 4.32837 6.0307 8.08458 5.07708
1620 2.86164 3.84176 5.33467 7.42013 9.94721 6.24895
1640 3.73481 5.01399 6.94168 9.68423 12.9824 6.84533
1660 4.35645 5.84854 8.12181 11.2961 15.1432 7.30215
1680 4.3054 5.78001 8.02624 11.1638 14.9658 7.35675
1700 4.2589 5.71758 7.93946 11.0432 14.8041 6.76069
1720 3.78812 5.08556 7.04032 9.82245 13.1677 5.50605
1740 3.41557 4.5854 6.35775 8.85644 11.8727 4.72151
1760 2.69014 3.61152 5.01465 6.97545 9.35108 3.67786
1780 1.94535 2.61164 3.62599 5.04422 6.76214 2.66968
1800 1.77168 2.37848 3.29531 4.59389 6.15844 2.13605
1820 1.12907 1.51578 2.10162 2.92765 3.92472 1.3234
1840 0.845265 1.13477 1.57608 2.19174 2.93818 0.963058
1860 0.731623 0.982206 1.36057 1.89707 2.54316 0.808991
1880 0.683428 0.917504 1.27352 1.77211 2.37563 0.734474
1900 0.64184 0.861672 1.19686 1.66427 2.23107 0.670628
1920 0.646091 0.867378 1.20477 1.67529 2.24585 0.666738
1940 0.644488 0.865227 1.2018 1.67114 2.24028 0.665733
1960 0.6396 0.858664 1.19272 1.65846 2.22328 0.701381
1980 0.631617 0.847947 1.17785 1.63776 2.19553 0.753695
2000 0.620397 0.832884 1.15688 1.60867 2.15653 0.784532
2020 0.629257 0.844778 1.17344 1.63164 2.18733 0.772404
2040 0.635272 0.852854 1.18466 1.64724 2.20824 0.744469
2060 0.63942 0.858422 1.19239 1.65799 2.22266 0.703204
2080 0.641686 0.861464 1.1966 1.66387 2.23053 0.681946
2100 0.642256 0.86223 1.19765 1.66535 2.23252 0.683229
2120 0.652745 0.876312 1.21711 1.69254 2.26898 0.699694
2140 0.662362 0.889222 1.23487 1.71748 2.3024 0.772483
2160 0.671766 0.901847 1.25216 1.74186 2.33509 0.840242
2180 0.680948 0.914174 1.26897 1.76567 2.36701 0.907991
2200 0.689988 0.92631 1.28545 1.78911 2.39843 0.936903
2220 0.695883 0.934224 1.29616 1.8044 2.41892 0.909364
2240 0.700805 0.940832 1.30508 1.81716 2.43604 0.837552
2260 0.704834 0.946241 1.31237 1.82761 2.45004 0.813976
2280 0.708183 0.950737 1.3185 1.83629 2.46168 0.797899
2300 0.710741 0.954171 1.32312 1.84293 2.47057 0.820756
2320 0.712799 0.956934 1.32684 1.84826 2.47773 0.841469
2340 0.714533 0.959262 1.32997 1.85276 2.48375 0.918429
2360 0.716265 0.961588 1.3331 1.85725 2.48978 1.02946
2380 0.717869 0.96374 1.336 1.86141 2.49535 1.14097
2400 0.719465 0.965883 1.33878 1.86555 2.5009 1.17488
2420 0.727055 0.976072 1.35249 1.88523 2.52728 1.23517
2440 0.734519 0.986094 1.36567 1.90458 2.55323 1.29881
2460 0.742636 0.996991 1.38013 1.92563 2.58144 1.43046
2480 0.751345 1.00868 1.39559 1.94821 2.61171 1.62174
2500 0.757451 1.01688 1.4119 1.96404 2.63294 1.69972
2520 0.766794 1.02942 1.42936 1.98827 2.66542 1.74177
2540 0.776484 1.04243 1.44751 2.0134 2.6991 1.78875
2560 0.786479 1.05585 1.46619 2.03931 2.73384 1.77583
2580 0.796548 1.06937 1.48503 2.06542 2.76884 1.78073
2600 0.805922 1.08195 1.50256 2.08973 2.80143 1.63843
2620 0.826858 1.11006 1.5417 2.14401 2.8742 1.5959
2640 0.833059 1.11838 1.55329 2.16009 2.89576 1.63093
2660 0.838983 1.12634 1.56436 2.17545 2.91635 1.68826
2680 0.844879 1.13425 1.57537 2.19074 2.93684 1.69476
2700 0.85069 1.14205 1.58623 2.20581 2.95704 1.68651
2720 0.856587 1.14997 1.59724 2.2211 2.97754 1.66219
2740 0.862432 1.15782 1.60815 2.23626 2.99786 1.53392
2760 0.868325 1.16573 1.61915 2.25154 3.01834 1.4614
2780 0.874181 1.17359 1.62999 2.26672 3.0387 1.36697
2800 0.879303 1.18047 1.63962 2.28 3.0565 1.44283
2820 0.871055 1.16939 1.62423 2.25861 3.02783 1.45802
2840 0.861173 1.15613 1.60578 2.23299 2.99348 1.5157
2860 0.850463 1.14175 1.58576 2.20522 2.95625 1.65639
2880 0.838293 1.12541 1.56301 2.17366 2.91395 1.70345
2900 0.825086 1.10768 1.53831 2.13942 2.86804 1.82349
2950 0.787364 1.05704 1.46775 2.04161 2.73692 2.00695
3000 0.953743 1.2804 1.77824 2.47302 3.31526 1.63755
3050 0.961455 1.29075 1.79249 2.49302 3.34207 1.54841
3100 0.965859 1.29667 1.80066 2.50444 3.35738 1.66743
3150 0.968627 1.30038 1.8058 2.51162 3.367 1.67207
3200 0.968861 1.3007 1.8063 2.51222 3.36781 1.77277
3250 0.972377 1.30542 1.81286 2.52134 3.38003 1.86142
3300 0.973784 1.30731 1.81547 2.52499 3.38493 1.80175
3350 0.974276 1.30797 1.8163 2.52626 3.38664 1.69029
3400 0.973186 1.3065 1.81427 2.52344 3.38284 1.59018
3450 0.969687 1.30181 1.80775 2.51436 3.37068 1.43202
3500 0.964948 1.29544 1.79897 2.50207 3.35421 1.37758
3600 0.953907 1.28062 1.77846 2.47345 3.31583 1.25023
3700 1.00284 1.34632 1.86925 2.60034 3.48593 1.30355
3800 1.04971 1.40924 1.95587 2.72187 3.64885 1.54747
3900 1.04251 1.39958 1.94265 2.7032 3.62383 1.48784
4000 1.21157 1.62653 2.25266 3.14155 4.21146 1.56314
4200 1.4158 1.90072 2.63938 3.67112 4.9214 1.88436
4400 1.74751 2.34603 3.25156 4.53122 6.07442 2.46861
4600 1.92261 2.58111 3.58362 4.98526 6.68309 3.03849
4800 2.3721 3.18455 4.4127 6.15078 8.24555 4.11093
5000 2.69441 3.61725 5.02245 6.98651 9.36592 4.9899
5200 3.29389 4.42206 6.13483 8.54095 11.4497 7.07332
5400 3.94324 5.29381 7.34995 10.2247 13.7069 8.95401
5600 4.60885 6.18738 8.59205 11.9506 16.0206 10.8512
5800 5.65002 7.58516 10.5305 14.6503 19.6398 13.6544
6000 6.76457 9.08145 12.6102 17.5403 23.514 16.4416
