1100 0.5 0.475653 0.476056 0.477912
1105 0.5 0.472745 0.472875 0.474811
1110 0.5 0.472276 0.472461 0.472542
1115 0.5 0.470735 0.471221 0.466733
1120 0.5 0.465121 0.465142 0.465151
1125 0.5 0.463592 0.463599 0.463615
1130 0.5 0.463839 0.465152 0.463807
1135 0.423081 0.463404 0.461342 0.461428
1140 0.35824 0.460385 0.461552 0.459993
1145 0.23131 0.459312 0.459227 0.459181
1150 0.211484 0.458307 0.45828 0.456311
1155 0.168789 0.455506 0.453872 0.453513
1160 0.185562 0.450337 0.5 0.450585
1165 0.187357 0.447144 0.447936 0.447825
1170 0.164316 0.443733 0.441554 0.441594
1175 0.134286 0.439802 0.438001 0.439997
1180 0.117889 0.435613 0.436581 0.436145
1185 0.113151 0.431592 0.432565 0.432308
1190 0.113184 0.428112 0.429689 0.428529
1195 0.0904743 0.426346 0.426218 0.424565
1200 0.103933 0.422905 0.422421 0.422353
1205 0.106111 0.417017 0.415769 0.416634
1210 0.123071 0.411624 0.410571 0.411532
1215 0.158572 0.406503 0.407144 0.406326
1220 0.193474 0.401516 0.401698 0.401841
1225 0.304484 0.397751 0.397076 0.397294
1230 0.296204 0.393364 0.392188 0.392215
1235 0.410702 0.388222 0.387627 0.387969
1240 0.420153 0.383402 0.383804 0.383437
1245 0.39739 0.3788 0.378621 0.37949
1250 0.5 0.37474 0.373996 0.374549
1255 0.5 0.36934 0.369457 0.370487
1260 0.5 0.36429 0.365147 0.364558
1265 0.5 0.359371 0.360348 0.359699
1270 0.5 0.354241 0.354719 0.355323
1275 0.5 0.349145 0.34971 0.349353
1280 0.5 0.343988 0.344539 0.344026
1285 0.5 0.338638 0.338811 0.339224
1290 0.5 0.333428 0.334079 0.333236
1295 0.5 0.32712 0.32767 0.327385
1300 0.5 0.321383 0.322281 0.321005
1305 0.5 0.314027 0.315585 0.314034
1310 0.5 0.307062 0.308095 0.307113
1315 0.5 0.300556 0.301891 0.300626
1320 0.5 0.293328 0.294432 0.293469
1325 0.5 0.286368 0.288075 0.286439
1330 0.5 0.279389 0.280908 0.279467
1335 0.5 0.272497 0.274008 0.272547
1340 0.5 0.265342 0.267099 0.265508
1345 0.5 0.258536 0.2601 0.258511
1350 0.5 0.250988 0.252842 0.251026
1355 0.5 0.245289 0.247329 0.245326
1360 0.5 0.239648 0.24158 0.239561
1365 0.5 0.233747 0.235968 0.233765
1370 0.5 0.228353 0.23032 0.228339
1375 0.5 0.222209 0.224613 0.222228
1380 0.5 0.216486 0.218955 0.216715
1385 0.5 0.211057 0.213265 0.210948
1390 0.5 0.204972 0.207593 0.205191
1395 0.5 0.199469 0.20195 0.199634
1400 0.5 0.193451 0.1963 0.193959
1405 0.5 0.19102 0.193833 0.19124
1410 0.5 0.188471 0.191063 0.188547
1415 0.5 0.185729 0.188416 0.185848
1420 0.5 0.182863 0.18557 0.183016
1425 0.5 0.179988 0.182734 0.179969
1430 0.5 0.17702 0.179835 0.177051
1435 0.5 0.173791 0.176857 0.174066
1440 0.5 0.170763 0.173876 0.171239
1445 0.5 0.167727 0.170726 0.168158
1450 0.5 0.164673 0.167537 0.164742
1455 0.5 0.16421 0.167214 0.164329
1460 0.5 0.163292 0.166534 0.163615
1465 0.5 0.16256 0.165811 0.1629
1470 0.5 0.161741 0.164923 0.162031
1475 0.5 0.160871 0.164696 0.161246
1480 0.5 0.159869 0.163439 0.16023
1485 0.5 0.15861 0.162212 0.158944
1490 0.5 0.157178 0.160161 0.157451
1495 0.5 0.155897 0.159474 0.156044
1500 0.5 0.154473 0.157941 0.154454
1505 0.5 0.15612 0.159713 0.156477
1510 0.5 0.157712 0.161236 0.157825
1515 0.5 0.159149 0.16196 0.159217
1520 0.5 0.160424 0.163248 0.160489
1525 0.5 0.161671 0.164181 0.161586
1530 0.5 0.162514 0.165271 0.162681
1535 0.5 0.163735 0.166067 0.163568
1540 0.5 0.164649 0.166922 0.164326
1545 0.5 0.165289 0.167369 0.165107
1550 0.5 0.166215 0.167966 0.165957
1555 0.5 0.175771 0.177281 0.175473
1560 0.5 0.185559 0.186965 0.185356
1565 0.5 0.195804 0.196636 0.195759
1570 0.450643 0.206258 0.206994 0.205951
1575 0.444949 0.217755 0.218089 0.217578
1580 0.387883 0.229331 0.229406 0.228956
1585 0.333843 0.241409 0.241792 0.241355
1590 0.372187 0.254007 0.254545 0.254271
1595 0.350049 0.26703 0.267059 0.267519
1600 0.348114 0.280618 0.280935 0.281227
1620 0.5 0.318479 0.318156 0.318831
1640 0.5 0.359022 0.359276 0.358826
1660 0.5 0.38046 0.380343 0.379948
1680 0.5 0.378981 0.379285 0.379992
1700 0.5 0.378483 0.378179 0.378286
1720 0.420674 0.36785 0.367045 0.367582
1740 0.383472 0.358099 0.357244 0.357234
1760 0.32621 0.328979 0.328369 0.328601
1780 0.260426 0.278897 0.27841 0.278177
1800 0.34216 0.27615 0.276177 0.276102
1820 0.366079 0.205667 0.206021 0.205568
1840 0.313661 0.154234 0.153979 0.153991
1860 0.255114 0.124339 0.124107 0.123685
1880 0.249611 0.10773 0.107763 0.107051
1900 0.277106 0.0929549 0.0929953 0.0923304
1920 0.354348 0.0912994 0.0913056 0.0908328
1940 0.304924 0.0876189 0.0874417 0.0869761
1960 0.261054 0.0871329 0.0869726 0.0863415
1980 0.355229 0.0900089 0.0900727 0.0894346
2000 0.391359 0.0909547 0.0910046 0.0904844
2020 0.389808 0.0938682 0.0938235 0.0932322
2040 0.328118 0.0950343 0.0951292 0.0944179
2060 0.437111 0.0950771 0.0957531 0.0949857
2080 0.5 0.0940534 0.0957123 0.0941221
2100 0.5 0.0920062 0.0944448 0.0921209
2120 0.5 0.0938007 0.0967657 0.0939407
2140 0.5 0.0949114 0.0984742 0.0948513
2160 0.5 0.0957947 0.0998004 0.0957061
2180 0.5 0.0965594 0.100548 0.0965054
2200 0.5 0.0971838 0.101042 0.0971707
2220 0.5 0.0990953 0.102409 0.0991376
2240 0.5 0.10084 0.104026 0.101207
2260 0.5 0.102458 0.105547 0.102685
2280 0.5 0.103888 0.106619 0.104323
2300 0.5 0.105176 0.107418 0.105092
2320 0.5 0.106131 0.10811 0.106088
2340 0.5 0.106949 0.108592 0.106912
2360 0.490631 0.10765 0.108661 0.107646
2380 0.359406 0.108235 0.108709 0.107729
2400 0.330235 0.108675 0.108972 0.108122
2420 0.299463 0.109023 0.109165 0.108299
2440 0.267314 0.109059 0.109065 0.108263
2460 0.300635 0.109088 0.10935 0.108397
2480 0.402827 0.109043 0.109823 0.109123
2500 0.5 0.108941 0.109957 0.108872
2520 0.5 0.108565 0.110205 0.108677
2540 0.5 0.108072 0.109996 0.108035
2560 0.5 0.107526 0.109691 0.107416
2580 0.5 0.106783 0.109304 0.106731
2600 0.5 0.105784 0.107752 0.105648
2620 0.5 0.109754 0.11137 0.109479
2640 0.5 0.110052 0.111365 0.110107
2660 0.331859 0.110303 0.111074 0.109849
2680 0.291771 0.110631 0.111229 0.110076
2700 0.23199 0.110983 0.111429 0.110295
2720 0.272832 0.111529 0.112247 0.111062
2740 0.289305 0.112251 0.113048 0.111954
2760 0.435648 0.113061 0.114475 0.113095
2780 0.5 0.113927 0.115506 0.114053
2800 0.5 0.114773 0.116731 0.114905
2820 0.5 0.110968 0.112708 0.110929
2840 0.5 0.106905 0.108833 0.106766
2860 0.5 0.102517 0.10532 0.102815
2880 0.5 0.0981003 0.100244 0.0980225
2900 0.5 0.0933189 0.0952381 0.0933566
2950 0.5 0.0807144 0.0817761 0.0802781
3000 0.5 0.120005 0.123501 0.120332
3050 0.5 0.121015 0.124103 0.121578
3100 0.5 0.12009 0.122631 0.120451
3150 0.436548 0.117848 0.119589 0.117667
3200 0.341608 0.11444 0.115843 0.114071
3250 0.294246 0.113291 0.114152 0.112738
3300 0.275911 0.11158 0.112489 0.110993
3350 0.290152 0.109643 0.110903 0.109918
3400 0.384993 0.107688 0.109433 0.107415
3450 0.5 0.106298 0.108691 0.106186
3500 0.5 0.104423 0.106645 0.104816
3600 0.5 0.0998809 0.10344 0.099795
3700 0.5 0.107195 0.111311 0.10738
3800 0.5 0.111584 0.11641 0.111573
3900 0.5 0.105263 0.1084 0.105206
4000 0.5 0.138159 0.14146 0.138112
4200 0.33487 0.169397 0.171277 0.169844
4400 0.283592 0.194397 0.194706 0.194154
4600 0.352107 0.220344 0.220734 0.220222
4800 0.229765 0.249142 0.248661 0.248143
5000 0.187827 0.269721 0.268302 0.268881
5200 0.243309 0.288948 0.287454 0.287722
5400 0.392766 0.31231 0.312929 0.312109
5600 0.490959 0.33625 0.337268 0.336305
5800 0.5 0.353745 0.355913 0.353655
6000 0.5 0.369143 0.370474 0.368383
