1100 0.332027 0.462809 0.462502 0.462773
1105 0.307131 0.459469 0.459397 0.459333
1110 0.355849 0.456332 0.45619 0.45707
1115 0.5 0.453812 0.453692 0.453863
1120 0.5 0.450892 0.45086 0.450357
1125 0.5 0.447377 0.447454 0.448074
1130 0.5 0.445136 0.445084 0.444292
1135 0.5 0.442963 0.443051 0.442864
1140 0.5 0.440524 0.440312 0.439753
1145 0.5 0.43732 0.436743 0.437321
1150 0.5 0.433557 0.433462 0.433211
1155 0.5 0.428341 0.428599 0.428221
1160 0.5 0.422015 0.422114 0.42196
1165 0.5 0.416964 0.416907 0.416738
1170 0.5 0.411394 0.411565 0.41132
1175 0.5 0.406467 0.406427 0.407392
1180 0.5 0.401117 0.401676 0.401912
1185 0.5 0.395971 0.396913 0.395973
1190 0.5 0.39104 0.391385 0.390966
1195 0.5 0.387087 0.38637 0.385821
1200 0.5 0.380782 0.381587 0.381025
1205 0.5 0.37499 0.375202 0.374991
1210 0.5 0.369046 0.369799 0.368956
1215 0.5 0.363256 0.364112 0.363204
1220 0.5 0.358134 0.358559 0.357703
1225 0.5 0.352029 0.352504 0.352029
1230 0.5 0.34735 0.347013 0.347183
1235 0.5 0.341543 0.341716 0.341543
1240 0.5 0.336213 0.336371 0.336203
1245 0.398958 0.331312 0.331076 0.330998
1250 0.382104 0.325839 0.326311 0.326203
1255 0.235362 0.318305 0.318104 0.318306
1260 0.213353 0.310754 0.310332 0.310952
1265 0.200393 0.303272 0.303039 0.303326
1270 0.198472 0.295959 0.295237 0.295564
1275 0.21294 0.288318 0.287755 0.28821
1280 0.215302 0.280538 0.280233 0.280382
1285 0.218348 0.273033 0.27274 0.272806
1290 0.231394 0.265564 0.265145 0.265307
1295 0.282428 0.258068 0.257934 0.257847
1300 0.367138 0.250774 0.250647 0.250557
1305 0.5 0.242156 0.242797 0.24197
1310 0.5 0.233659 0.234187 0.233391
1315 0.5 0.225259 0.226033 0.225265
1320 0.5 0.217043 0.217932 0.216992
1325 0.5 0.20929 0.210395 0.209347
1330 0.5 0.201236 0.202518 0.201186
1335 0.5 0.193707 0.195045 0.193626
1340 0.5 0.185937 0.187705 0.186124
1345 0.5 0.178623 0.180428 0.178967
1350 0.5 0.17127 0.173267 0.17162
1355 0.5 0.165086 0.166912 0.165312
1360 0.5 0.158734 0.160822 0.159177
1365 0.5 0.1526 0.154652 0.153025
1370 0.5 0.146642 0.149384 0.146974
1375 0.5 0.140626 0.143473 0.140864
1380 0.5 0.134837 0.137896 0.135123
1385 0.5 0.129182 0.132245 0.129452
1390 0.5 0.123678 0.126789 0.123906
1395 0.5 0.118226 0.121472 0.118461
1400 0.5 0.112907 0.116058 0.113152
1405 0.5 0.110479 0.113617 0.110608
1410 0.5 0.107875 0.110673 0.108054
1415 0.5 0.105233 0.108239 0.105309
1420 0.5 0.102627 0.105786 0.102775
1425 0.5 0.100021 0.103249 0.100092
1430 0.5 0.0974226 0.100559 0.0975096
1435 0.5 0.0948639 0.0980596 0.0949249
1440 0.5 0.0922434 0.0954341 0.0923651
1445 0.5 0.089541 0.0927129 0.0896129
1450 0.5 0.0866512 0.0898446 0.0867049
1455 0.5 0.0856897 0.0889604 0.0857465
1460 0.5 0.0846023 0.0878319 0.0846639
1465 0.5 0.0834401 0.0865998 0.0834904
1470 0.5 0.0822146 0.0853683 0.0822632
1475 0.5 0.0809507 0.0840353 0.080986
1480 0.5 0.0795874 0.082506 0.079669
1485 0.5 0.0781909 0.0812103 0.0782368
1490 0.5 0.0768142 0.079638 0.0767584
1495 0.5 0.0753119 0.0778986 0.0752636
1500 0.5 0.0737486 0.0763679 0.0737466
1505 0.5 0.0754467 0.0782564 0.0754075
1510 0.5 0.0770469 0.0798179 0.0770856
1515 0.5 0.0786219 0.0812991 0.0786177
1520 0.5 0.0801848 0.0830724 0.0801773
1525 0.5 0.0817467 0.0845103 0.0817097
1530 0.5 0.0832566 0.0858902 0.0832194
1535 0.5 0.0847689 0.0871108 0.0847548
1540 0.5 0.0862763 0.0883975 0.0862555
1545 0.5 0.0877957 0.0895789 0.0877699
1550 0.465282 0.0893537 0.0907455 0.0892526
1555 0.410709 0.0976403 0.0989575 0.0976027
1560 0.428258 0.106543 0.107902 0.106558
1565 0.288386 0.1161 0.117184 0.116104
1570 0.216012 0.126366 0.127225 0.126309
1575 0.201605 0.137382 0.138125 0.137374
1580 0.186411 0.149153 0.149788 0.149302
1585 0.167305 0.16172 0.16202 0.161636
1590 0.176992 0.175111 0.175373 0.175058
1595 0.193795 0.189347 0.189622 0.189274
1600 0.191148 0.204414 0.204556 0.204324
1620 0.311212 0.246411 0.246526 0.24632
1640 0.5 0.294352 0.294807 0.294329
1660 0.5 0.32068 0.321161 0.320573
1680 0.5 0.320392 0.320945 0.320375
1700 0.5 0.320582 0.321168 0.320574
1720 0.5 0.305162 0.305912 0.305147
1740 0.5 0.292017 0.29285 0.291956
1760 0.5 0.249799 0.250925 0.249493
1780 0.5 0.179929 0.181855 0.179789
1800 0.5 0.176305 0.178807 0.176272
1820 0.5 0.0888152 0.0924112 0.0887937
1840 0.5 0.0448568 0.0486158 0.0448421
1860 0.5 0.0289446 0.0325147 0.0289356
1880 0.5 0.0237521 0.0273269 0.0237434
1900 0.5 0.0192529 0.0226539 0.0192449
1920 0.5 0.0205906 0.0242389 0.0205868
1940 0.5 0.0208704 0.0245159 0.0209003
1960 0.5 0.0205354 0.0240943 0.0205245
1980 0.5 0.0197427 0.0231424 0.0197411
2000 0.5 0.0183678 0.0217154 0.0183754
2020 0.5 0.0195426 0.0230411 0.0195366
2040 0.5 0.0202991 0.0238398 0.0202959
2060 0.5 0.0207234 0.0244908 0.0207197
2080 0.5 0.0208509 0.0247154 0.0208473
2100 0.5 0.0207313 0.0244446 0.0207277
2120 0.5 0.021969 0.0257878 0.0219662
2140 0.5 0.0231156 0.0267339 0.0231129
2160 0.5 0.0242404 0.0278608 0.0242372
2180 0.5 0.0253507 0.0288379 0.0253345
2200 0.5 0.0264357 0.0299292 0.0264304
2220 0.5 0.027191 0.0308001 0.0271844
2240 0.5 0.0277867 0.0315902 0.0277897
2260 0.5 0.0282273 0.0320642 0.0282109
2280 0.5 0.0284973 0.0323828 0.0284946
2300 0.5 0.0286016 0.0323701 0.0285981
2320 0.5 0.028574 0.0322595 0.0285652
2340 0.5 0.0284622 0.031878 0.0284525
2360 0.5 0.028308 0.0315048 0.028238
2380 0.5 0.0281571 0.0310524 0.0280343
2400 0.5 0.0280499 0.0308367 0.028047
2420 0.5 0.0288149 0.0314702 0.0288056
2440 0.5 0.0296186 0.0320875 0.0296582
2460 0.5 0.0305694 0.0328181 0.0305669
2480 0.343324 0.0316588 0.033806 0.0316642
2500 0.238989 0.0329188 0.0348135 0.0329333
2520 0.189498 0.0342773 0.0360954 0.034254
2540 0.183899 0.0356946 0.037451 0.0357023
2560 0.24571 0.037143 0.0390608 0.0371572
2580 0.313563 0.0385676 0.0405864 0.0385752
2600 0.444566 0.0399026 0.0421414 0.0398991
2620 0.5 0.043094 0.0455327 0.0431203
2640 0.5 0.0439893 0.0464097 0.0439865
2660 0.446246 0.0448321 0.0471078 0.0448351
2680 0.389313 0.0456452 0.0479717 0.0456432
2700 0.371468 0.0464371 0.0516712 0.0464369
2720 0.422733 0.0471962 0.0496136 0.0471868
2740 0.5 0.0479277 0.0506013 0.0479206
2760 0.5 0.0486308 0.0515968 0.0486293
2780 0.5 0.0492986 0.0525893 0.0492911
2800 0.5 0.0498972 0.0529297 0.0498907
2820 0.5 0.0474045 0.05029 0.0474864
2840 0.5 0.0447424 0.0473776 0.0447751
2860 0.5 0.041894 0.0441848 0.0417124
2880 0.463142 0.0388201 0.0409518 0.0386948
2900 0.312365 0.0355878 0.0375291 0.0356913
2950 0.190345 0.0271453 0.028356 0.0271463
3000 0.5 0.059862 0.0629342 0.0596384
3050 0.5 0.0605676 0.0637987 0.0605676
3100 0.5 0.0603973 0.0634886 0.0604342
3150 0.5 0.0597991 0.0631761 0.0595211
3200 0.473487 0.0588293 0.0620267 0.0588437
3250 0.322965 0.0585448 0.061726 0.0585528
3300 0.399475 0.0578055 0.0611539 0.057809
3350 0.5 0.0568491 0.0600746 0.0568482
3400 0.5 0.0556171 0.0591349 0.055617
3450 0.5 0.0544979 0.0583543 0.0544983
3500 0.5 0.0530412 0.0571328 0.0530406
3600 0.5 0.0500122 0.0546238 0.0500073
3700 0.5 0.0571258 0.0622597 0.0571256
3800 0.5 0.0639945 0.0687755 0.0639942
3900 0.5 0.0570832 0.0621958 0.0571424
4000 0.5 0.0872904 0.0939874 0.0872704
4200 0.5 0.115132 0.122239 0.115132
4400 0.5 0.155755 0.162251 0.155755
4600 0.5 0.170769 0.176528 0.170769
4800 0.5 0.207009 0.211291 0.207009
5000 0.5 0.223457 0.226733 0.223343
5200 0.295108 0.254596 0.255583 0.254611
5400 0.19389 0.280727 0.279657 0.281433
5600 0.135165 0.298812 0.296891 0.298599
5800 0.11228 0.322001 0.320003 0.322051
6000 0.14546 0.340127 0.338648 0.340151
