1100 36.3169 48.7556 67.6936 94.1685 126.24 57.4207
1105 33.481 44.9484 62.2518 86.8151 116.382 53.6733
1110 30.9754 41.5845 57.6631 80.3181 107.672 52.8921
1115 28.8679 38.7552 53.7836 74.8535 100.346 46.8216
1120 27.0762 36.3499 50.4712 70.2077 94.1184 47.2181
1125 25.5197 34.2602 47.5727 66.1715 88.7076 49.7972
1130 24.147 32.4175 45.0138 62.6124 83.9364 48.4076
1135 22.9857 30.8583 42.8482 59.601 79.8994 50.0776
1140 21.9532 29.4723 40.8205 56.924 76.3106 48.4676
1145 20.9541 28.1309 38.9961 54.3331 72.8374 49.6748
1150 20.0072 26.8598 37.296 51.878 69.5462 47.3614
1155 18.1717 24.3956 33.8749 47.1186 63.1658 45.2998
1160 16.718 22.444 31.0796 43.3492 58.1127 42.5804
1165 15.4321 20.7176 28.7232 40.0148 53.6427 39.1279
1170 14.342 19.2542 26.7193 37.1883 49.8535 38.7016
1175 13.4158 18.0108 25.0069 34.7867 46.6341 37.0878
1180 12.5978 16.9125 23.4866 32.6655 43.7905 35.3952
1185 11.9084 15.987 22.1975 30.878 41.3941 33.4895
1190 11.318 15.1944 21.0324 29.3471 39.3419 31.4907
1195 10.7437 14.4234 19.9793 27.8579 37.3455 30.2067
1200 10.2194 13.7195 19.0228 26.4984 35.523 28.2106
1205 9.43448 12.6658 17.5793 24.4633 32.7947 25.7669
1210 8.76522 11.7673 16.3426 22.7279 30.4684 23.2804
1215 8.20419 11.0141 15.2944 21.2732 28.5182 21.1744
1220 7.71148 10.3527 14.3738 19.9956 26.8055 19.0433
1225 7.29757 9.797 13.57 18.9223 25.3667 16.9309
1230 6.90883 9.27511 12.8527 17.9143 24.0154 16.0288
1235 6.55259 8.79687 12.2011 16.9906 22.7772 14.1206
1240 6.23635 8.37232 11.6294 16.1706 21.6779 12.9941
1245 5.95158 7.99001 11.0941 15.4322 20.688 12.5878
1250 5.71315 7.66991 10.614 14.814 19.8592 11.1932
1255 5.44816 7.31417 10.1276 14.1269 18.9381 10.171
1260 5.19757 6.97775 9.67044 13.4771 18.067 9.57693
1265 4.97244 6.6755 9.25744 12.8933 17.2844 8.74806
1270 4.76045 6.39092 8.86879 12.3437 16.5476 7.96557
1275 4.5712 6.13685 8.51914 11.853 15.8897 7.47191
1280 4.39306 5.89769 8.18975 11.391 15.2705 6.99638
1285 4.22856 5.67685 7.88421 10.9645 14.6987 6.63314
1290 4.06992 5.46388 7.58706 10.5532 14.1473 6.1512
1295 3.92231 5.2657 7.31143 10.1704 13.6341 5.6521
1300 3.77705 5.07069 7.04025 9.79375 13.1292 5.26865
1305 3.61587 4.85431 6.72477 9.37582 12.569 5.00032
1310 3.45762 4.64186 6.43337 8.96548 12.0189 4.70364
1315 3.30896 4.44229 6.16113 8.58002 11.5021 4.34149
1320 3.17117 4.2573 5.90788 8.22273 11.0231 4.31361
1325 3.0425 4.08456 5.67044 7.88908 10.5759 4.16664
1330 2.92452 3.92617 5.4521 7.58317 10.1658 3.63319
1335 2.81498 3.77912 5.24857 7.29915 9.78503 3.54709
1340 2.71224 3.64119 5.05618 7.03275 9.4279 3.45279
1345 2.61532 3.51108 4.87512 6.78144 9.091 3.22957
1350 2.5187 3.38136 4.69476 6.5309 8.75513 3.11225
1355 2.45461 3.29532 4.56054 6.36472 8.53236 3.03288
1360 2.37954 3.19454 4.42687 6.17006 8.27141 2.99638
1365 2.31022 3.10147 4.29853 5.99032 8.03044 2.83277
1370 2.24332 3.01166 4.17584 5.81685 7.79789 2.71302
1375 2.18013 2.92683 4.05994 5.653 7.57825 2.66138
1380 2.11934 2.84522 3.94848 5.49538 7.36694 2.57739
1385 2.05956 2.76496 3.84027 5.34036 7.15914 2.50648
1390 2.0047 2.69131 3.73695 5.19811 6.96843 2.437
1395 1.95209 2.62069 3.6388 5.06171 6.78558 2.36527
1400 1.89968 2.55033 3.54096 4.92581 6.60339 2.26022
1405 1.88351 2.52862 3.49898 4.88387 6.54718 2.25178
1410 1.8504 2.48417 3.44904 4.79803 6.43209 2.2418
1415 1.83147 2.45875 3.40286 4.74893 6.36628 2.15996
1420 1.8047 2.42281 3.35537 4.67953 6.27323 2.13516
1425 1.77804 2.38702 3.30796 4.61039 6.18056 2.10845
1430 1.75314 2.3536 3.26255 4.54583 6.09401 2.06407
1435 1.72776 2.31952 3.21606 4.48002 6.00578 2.04219
1440 1.70329 2.28667 3.17051 4.41656 5.92071 2.0108
1445 1.67891 2.25394 3.12584 4.35336 5.83599 2.01204
1450 1.65428 2.22087 3.08038 4.28948 5.75035 1.97996
1455 1.65121 2.21675 3.0748 4.28153 5.73969 1.95492
1460 1.64424 2.20739 3.06199 4.26345 5.71545 1.9282
1465 1.63953 2.20107 3.05331 4.25124 5.69909 1.90346
1470 1.63409 2.19377 3.04332 4.23714 5.68018 1.90047
1475 1.62755 2.18499 3.03125 4.22018 5.65745 1.87553
1480 1.62189 2.17739 3.02088 4.2055 5.63777 1.88076
1485 1.61439 2.16732 3.00707 4.18604 5.61169 1.90789
1490 1.60732 2.15783 2.99407 4.16772 5.58712 1.93755
1495 1.59959 2.14745 2.97986 4.14768 5.56026 1.90849
1500 1.59116 2.13613 2.96433 4.12582 5.53095 1.91253
1505 1.60296 2.15198 2.98607 4.15642 5.57198 1.88311
1510 1.61485 2.16794 3.00795 4.18724 5.61329 1.90308
1515 1.62548 2.18221 3.02768 4.2148 5.65024 1.93052
1520 1.63659 2.19712 3.04814 4.24361 5.68886 1.93377
1525 1.64685 2.2109 3.067 4.27023 5.72454 2.02406
1530 1.65646 2.2238 3.08441 4.29513 5.75793 2.02364
1535 1.66634 2.23707 3.10256 4.32076 5.79229 2.11629
1540 1.67532 2.24912 3.11926 4.34404 5.82349 2.14708
1545 1.68428 2.26114 3.13569 4.36727 5.85463 2.33056
1550 1.69223 2.27182 3.14995 4.38788 5.88227 2.42904
1555 1.77341 2.3808 3.29838 4.59839 6.16446 2.61616
1560 1.86084 2.49818 3.45752 4.82508 6.46836 2.93578
1565 1.9474 2.61439 3.63002 5.04954 6.76926 3.34896
1570 2.05114 2.75366 3.82358 5.31854 7.12987 3.71079
1575 2.16818 2.91079 4.03864 5.62201 7.53671 3.87254
1580 2.29908 3.08652 4.27842 5.96143 7.99172 4.24057
1585 2.44759 3.2859 4.54867 6.34652 8.50796 4.58373
1590 2.60399 3.49586 4.8539 6.75205 9.0516 4.79398
1595 2.79388 3.7508 5.20934 7.24444 9.71169 5.2602
1600 3.01085 4.04207 5.61207 7.80701 10.4659 5.69895
1620 3.78923 5.08705 7.0396 9.82535 13.1716 6.48825
1640 5.04061 6.76702 9.38397 13.0701 17.5214 7.80675
1660 5.98636 8.0367 11.1588 15.5224 20.8089 9.00249
1680 5.89418 7.91295 10.9868 15.2834 20.4885 8.70103
1700 5.79562 7.78063 10.8031 15.0278 20.1459 9.94475
1720 5.21533 7.00159 9.70335 13.5232 18.1288 9.97233
1740 4.74864 6.37506 8.84691 12.3131 16.5065 9.15354
1760 3.849 5.16728 7.17436 9.98031 13.3793 8.21511
1780 2.88454 3.8725 5.37786 7.4795 10.0268 6.81856
1800 2.68522 3.60491 5.00719 6.96267 9.33395 5.71742
1820 1.85157 2.48574 3.43987 4.80105 6.43615 3.85983
1840 1.42772 1.91671 2.66183 3.70201 4.96281 3.28873
1860 1.22837 1.64908 2.28319 3.18511 4.26986 2.90957
1880 1.11862 1.50175 2.08217 2.90054 3.88838 2.51857
1900 1.02703 1.37878 1.91365 2.66304 3.57 2.35276
1920 1.01017 1.35616 1.8827 2.61934 3.51141 2.29894
1940 0.986084 1.32382 1.83819 2.55688 3.42768 2.25963
1960 0.980322 1.31608 1.82751 2.54194 3.40765 2.23882
1980 0.992249 1.3321 1.84958 2.57287 3.44911 2.13429
2000 0.996981 1.33845 1.85834 2.58514 3.46556 2.12245
2020 1.00836 1.35372 1.87936 2.61463 3.5051 2.12754
2040 1.01359 1.36075 1.88902 2.62821 3.5233 2.12303
2060 1.01418 1.36153 1.89012 2.62972 3.52533 1.93963
2080 1.0105 1.3566 1.88332 2.62018 3.51254 1.62136
2100 1.00202 1.34521 1.86765 2.5982 3.48307 1.42302
2120 1.01601 1.36399 1.89349 2.63448 3.5317 1.28395
2140 1.02635 1.37788 1.91259 2.6613 3.56766 1.16017
2160 1.03569 1.39041 1.9298 2.6855 3.6001 1.11423
2180 1.04456 1.40232 1.94614 2.7085 3.63094 1.12345
2200 1.05239 1.41284 1.96058 2.72881 3.65816 1.15382
2220 1.06375 1.42809 1.98148 2.75827 3.69765 1.26326
2240 1.07389 1.4417 2.00013 2.78457 3.73291 1.33045
2260 1.08354 1.45465 2.01786 2.80957 3.76643 1.42907
2280 1.09254 1.46673 2.03435 2.83291 3.79771 1.49602
2300 1.10101 1.4781 2.0499 2.85487 3.82715 1.58292
2320 1.10876 1.48852 2.0641 2.87498 3.85411 1.6558
2340 1.11615 1.49844 2.07782 2.89414 3.87981 1.81192
2360 1.12338 1.50814 2.09137 2.91288 3.90492 2.06715
2380 1.1302 1.5173 2.10356 2.93057 3.92863 2.2668
2400 1.13563 1.52458 2.1133 2.94464 3.94749 2.30082
2420 1.14154 1.53252 2.12413 2.95997 3.96805 2.41575
2440 1.14519 1.53742 2.13067 2.96945 3.98075 2.47507
2460 1.14872 1.54217 2.13718 2.9786 3.99303 2.39738
2480 1.1523 1.54697 2.14386 2.98788 4.00546 2.25385
2500 1.15545 1.55119 2.14983 2.99603 4.01639 2.14581
2520 1.15762 1.55411 2.15347 3.00167 4.02395 1.91359
2540 1.15905 1.55603 2.15674 3.00538 4.02893 1.78049
2560 1.16171 1.5596 2.16109 3.01228 4.03817 1.71143
2580 1.16319 1.56159 2.16386 3.01612 4.04332 1.68336
2600 1.16271 1.56094 2.16261 3.01486 4.04163 1.82923
2620 1.19081 1.59866 2.21416 3.08773 4.13932 2.01332
2640 1.19621 1.60591 2.22401 3.10173 4.15808 2.18892
2660 1.2014 1.61288 2.23326 3.11519 4.17613 2.42129
2680 1.20644 1.61965 2.24266 3.12825 4.19364 2.49119
2700 1.21142 1.62633 2.25177 3.14116 4.21095 2.62536
2720 1.21783 1.63494 2.26339 3.15779 4.23324 2.54303
2740 1.22549 1.64523 2.27694 3.17766 4.25987 2.53712
2760 1.23257 1.65473 2.2903 3.19601 4.28448 2.36608
2780 1.24071 1.66566 2.30507 3.21712 4.31278 2.14901
2800 1.2481 1.67557 2.31847 3.23627 4.33845 2.09603
2820 1.23113 1.65279 2.28766 3.19227 4.27946 2.04958
2840 1.21243 1.62768 2.25389 3.14378 4.21445 1.86336
2860 1.19133 1.59937 2.21559 3.08908 4.14113 1.69879
2880 1.17253 1.57412 2.18097 3.04032 4.07576 1.72095
2900 1.15043 1.54446 2.14074 2.98303 3.99897 1.7555
2950 1.0928 1.46709 2.03515 2.8336 3.79864 1.77581
3000 1.28421 1.72405 2.39378 3.3299 4.46397 1.62297
3050 1.29123 1.73348 2.40689 3.34811 4.48838 1.78404
3100 1.2906 1.73264 2.40575 3.34649 4.48621 2.04534
3150 1.28469 1.7247 2.39464 3.33115 4.46565 2.3588
3200 1.27314 1.70919 2.37308 3.3012 4.4255 2.52619
3250 1.27337 1.7095 2.37305 3.3018 4.4263 2.68817
3300 1.26939 1.70415 2.36611 3.29147 4.41245 2.70276
3350 1.26878 1.70334 2.35709 3.2899 4.41034 2.66756
3400 1.25715 1.68772 2.34331 3.25974 4.36992 2.49486
3450 1.25572 1.6858 2.33291 3.25603 4.36493 2.15649
3500 1.24702 1.67413 2.31745 3.23348 4.3347 2.17371
3600 1.22469 1.64415 2.2773 3.17559 4.2571 1.77994
3700 1.26312 1.69574 2.3544 3.27522 4.39066 1.80403
3800 1.29302 1.73588 2.4102 3.35274 4.49459 1.7668
3900 1.28839 1.72967 2.40154 3.34076 4.47852 2.112
4000 1.49043 2.0009 2.77819 3.86462 5.1808 2.51572
4200 1.76845 2.37415 3.28953 4.58554 6.14724 3.60865
4400 2.01339 2.70298 3.75323 5.22065 6.99865 4.54971
4600 2.35468 3.16116 4.38008 6.10561 8.185 5.29209
4800 2.76717 3.71493 5.15848 7.17517 9.61883 6.34681
5000 3.17593 4.26369 5.91688 8.23506 11.0397 7.43354
5200 3.67072 4.92794 6.8236 9.51804 12.7596 8.33595
5400 4.36882 5.86515 8.14455 11.3282 15.1863 9.36239
5600 5.27718 7.08463 9.81889 13.6835 18.3438 10.5619
5800 6.32052 8.48531 11.7798 16.3889 21.9705 11.5916
6000 7.34554 9.8614 13.6819 19.0467 25.5335 13.0813
