1100 0.324845 0.39578 0.395641 0.395005
1105 0.18078 0.388123 0.388154 0.38885
1110 0.267393 0.381182 0.381218 0.381128
1115 0.292067 0.374874 0.374869 0.374856
1120 0.252063 0.368829 0.368947 0.368857
1125 0.248562 0.363012 0.363095 0.363093
1130 0.160303 0.357715 0.357304 0.357372
1135 0.0959108 0.352005 0.351452 0.351953
1140 0.0676464 0.346769 0.346338 0.34664
1145 0.0659945 0.341701 0.341188 0.341629
1150 0.0807578 0.336739 0.336195 0.336732
1155 0.076112 0.324573 0.323982 0.32459
1160 0.0738815 0.313042 0.312483 0.313078
1165 0.0874566 0.302636 0.301198 0.302402
1170 0.0927472 0.292438 0.291163 0.292183
1175 0.0924111 0.282083 0.281433 0.282104
1180 0.104262 0.272978 0.27258 0.272756
1185 0.105457 0.264095 0.26352 0.264031
1190 0.113204 0.255581 0.254859 0.255619
1195 0.0851554 0.247547 0.247 0.247596
1200 0.07515 0.239708 0.238607 0.239705
1205 0.0779086 0.227629 0.226501 0.227543
1210 0.0720757 0.215982 0.215176 0.21615
1215 0.0485971 0.205059 0.203206 0.205088
1220 0.036938 0.194779 0.192699 0.194691
1225 0.032388 0.185148 0.183107 0.184983
1230 0.0254498 0.175839 0.173269 0.17526
1235 0.0284822 0.166806 0.164612 0.166095
1240 0.0365955 0.158353 0.156556 0.158181
1245 0.0383363 0.150254 0.148582 0.150054
1250 0.0354946 0.142386 0.140709 0.142166
1255 0.0523542 0.131929 0.130974 0.131968
1260 0.0637084 0.122162 0.121447 0.122043
1265 0.0727316 0.112942 0.112144 0.112718
1270 0.128451 0.104338 0.104345 0.104242
1275 0.162022 0.0962535 0.0962753 0.0961499
1280 0.240356 0.0887025 0.0891066 0.0885982
1285 0.39966 0.0816382 0.0823491 0.081575
1290 0.5 0.0750457 0.076188 0.074937
1295 0.5 0.0688115 0.0699551 0.0688328
1300 0.5 0.0630189 0.0643361 0.0630488
1305 0.5 0.0589736 0.0602463 0.0589824
1310 0.5 0.0550815 0.0567168 0.0550954
1315 0.5 0.0513695 0.0530285 0.0513762
1320 0.5 0.0478715 0.0494452 0.0478726
1325 0.5 0.0445317 0.0456022 0.0445298
1330 0.5 0.0413535 0.0427821 0.04136
1335 0.5 0.0383802 0.0401278 0.0383823
1340 0.5 0.0355718 0.0373802 0.0355765
1345 0.5 0.032931 0.0346635 0.0329354
1350 0.5 0.0304364 0.032096 0.0304407
1355 0.5 0.0279707 0.0296135 0.0279907
1360 0.5 0.0256565 0.0271394 0.0256677
1365 0.5 0.0235036 0.0248351 0.0235074
1370 0.5 0.0215155 0.0227293 0.0214456
1375 0.5 0.0196751 0.0207052 0.0196162
1380 0.5 0.017993 0.0188298 0.0179953
1385 0.421744 0.0164184 0.017004 0.0164267
1390 0.202164 0.0149809 0.0154444 0.014912
1395 0.154678 0.0136559 0.0140366 0.0135874
1400 0.0777732 0.012412 0.0126993 0.0123585
1405 0.055219 0.0118021 0.0121363 0.0117432
1410 0.0370824 0.0112048 0.0114406 0.0111912
1415 0.0280293 0.0106251 0.0108617 0.0105697
1420 0.030812 0.0100642 0.010385 0.0100179
1425 0.0323067 0.00952663 0.00986377 0.00948022
1430 0.0398451 0.00899931 0.00936988 0.00895815
1435 0.0482369 0.00849127 0.00885187 0.00844598
1440 0.0689597 0.00800575 0.00841464 0.00796484
1445 0.121515 0.00753371 0.0080386 0.00749609
1450 0.198883 0.00707777 0.0076195 0.00705095
1455 0.245133 0.00711883 0.00764256 0.00709224
1460 0.335275 0.00714014 0.00768341 0.00713874
1465 0.476644 0.00716151 0.00775016 0.0071621
1470 0.5 0.00716741 0.00781711 0.00716787
1475 0.5 0.00717064 0.00786211 0.007143
1480 0.5 0.00716676 0.0078422 0.00714683
1485 0.5 0.00716299 0.0078016 0.00716357
1490 0.5 0.00715287 0.00793526 0.00715543
1495 0.5 0.00714102 0.00777326 0.00714161
1500 0.5 0.00711992 0.00788508 0.00712048
1505 0.5 0.00784187 0.00869166 0.00784241
1510 0.5 0.00860151 0.0095157 0.00860206
1515 0.5 0.00941053 0.0103764 0.00941109
1520 0.5 0.0102814 0.0111304 0.0102819
1525 0.5 0.011205 0.012082 0.0112065
1530 0.5 0.0121903 0.0130262 0.0121909
1535 0.5 0.0132332 0.0141124 0.0132213
1540 0.467099 0.0143388 0.0152571 0.0143379
1545 0.37709 0.0155018 0.0164442 0.0154671
1550 0.282881 0.016701 0.017552 0.0166882
1555 0.223003 0.0202239 0.0211126 0.0202084
1560 0.195372 0.0243632 0.025273 0.0243515
1565 0.18066 0.0292301 0.0301654 0.0292115
1570 0.197059 0.0349262 0.0359376 0.0349239
1575 0.193518 0.0415711 0.0426112 0.041538
1580 0.238858 0.0493113 0.0503757 0.0493332
1585 0.252486 0.0582912 0.0593999 0.0582633
1590 0.323431 0.0686965 0.0700821 0.068684
1595 0.400912 0.0806881 0.0818773 0.0806441
1600 0.405036 0.0944844 0.0955413 0.0945011
1620 0.5 0.138589 0.140165 0.138585
1640 0.5 0.197572 0.198836 0.197575
1660 0.5 0.234664 0.23583 0.234699
1680 0.5 0.237031 0.238366 0.237034
1700 0.5 0.240312 0.241349 0.240254
1720 0.5 0.223864 0.225113 0.223865
1740 0.5 0.211261 0.212593 0.211261
1760 0.5 0.199283 0.174914 0.173672
1780 0.5 0.115838 0.117349 0.116061
1800 0.5 0.119553 0.121132 0.119482
1820 0.455198 0.0553956 0.0575797 0.0552913
1840 0.5 0.0257264 0.0279518 0.0257383
1860 0.5 0.0149125 0.0169553 0.0148868
1880 0.5 0.0107304 0.0126755 0.0107069
1900 0.5 0.00762074 0.00918935 0.00760988
1920 0.5 0.00771833 0.00929176 0.00771395
1940 0.5 0.00737405 0.00878181 0.00735982
1960 0.5 0.00726979 0.00855933 0.00725479
1980 0.415414 0.0074031 0.00850613 0.00738391
2000 0.267245 0.00719339 0.00816961 0.007183
2020 0.171176 0.00804519 0.00877949 0.00802017
2040 0.078697 0.00872546 0.00915539 0.0086869
2060 0.0186952 0.00924868 0.0092972 0.00918258
2080 0.00661734 0.00961878 0.00947322 0.0095515
2100 0.00329373 0.00983442 0.00945667 0.00974698
2120 0.00503277 0.0106164 0.0101887 0.0105308
2140 0.00678219 0.0112628 0.010845 0.0111723
2160 0.00692102 0.0118096 0.0114037 0.0117073
2180 0.00810078 0.0122728 0.0119638 0.0121787
2200 0.0122062 0.0126731 0.0124261 0.0125534
2220 0.0342763 0.0134175 0.0134666 0.0133267
2240 0.0971632 0.014126 0.0145708 0.0140525
2260 0.197134 0.0148254 0.0155619 0.0147952
2280 0.356642 0.0155223 0.0165952 0.015502
2300 0.450745 0.0162124 0.0175142 0.0162028
2320 0.431917 0.0168766 0.018161 0.0168665
2340 0.385766 0.0175215 0.0188986 0.0175105
2360 0.353716 0.0181236 0.0194983 0.0180995
2380 0.350276 0.0186675 0.0200544 0.0186583
2400 0.267737 0.019123 0.0204075 0.0190959
2420 0.208661 0.0199808 0.0212315 0.0199428
2440 0.185519 0.0207312 0.0219546 0.0206879
2460 0.236891 0.0214686 0.0227497 0.0214269
2480 0.327384 0.0222248 0.0236069 0.0222253
2500 0.362523 0.0230571 0.0244362 0.0231003
2520 0.396623 0.0240023 0.0257151 0.0241291
2540 0.385921 0.0250717 0.0267331 0.0252372
2560 0.348234 0.0262704 0.0279199 0.0263872
2580 0.392117 0.0275995 0.0293402 0.0275889
2600 0.358264 0.0289741 0.0308133 0.0289772
2620 0.366516 0.0316166 0.0334594 0.0315996
2640 0.342266 0.0323184 0.034256 0.032295
2660 0.462212 0.0329699 0.0352112 0.03296
2680 0.5 0.0335216 0.035745 0.0335234
2700 0.5 0.0340224 0.036471 0.0340201
2720 0.5 0.0344175 0.0369471 0.0344796
2740 0.5 0.0347234 0.0372969 0.0348617
2760 0.5 0.034924 0.0374738 0.0349221
2780 0.5 0.0350511 0.0377357 0.0350477
2800 0.456156 0.0350208 0.0378306 0.034998
2820 0.5 0.0328798 0.0355757 0.0327694
2840 0.5 0.0303982 0.0329261 0.0303722
2860 0.5 0.0278279 0.0302126 0.0277717
2880 0.5 0.0252476 0.027434 0.0253109
2900 0.5 0.0226368 0.0248088 0.0227383
2950 0.5 0.01634 0.0177565 0.0163455
3000 0.5 0.0417984 0.045845 0.0417773
3050 0.5 0.0435131 0.047969 0.0434918
3100 0.5 0.0450239 0.0496964 0.0450021
3150 0.5 0.0465138 0.051303 0.0464919
3200 0.5 0.0479212 0.052691 0.0478983
3250 0.5 0.0491922 0.0541945 0.0491753
3300 0.5 0.0498768 0.0549069 0.0498531
3350 0.5 0.0500333 0.0551648 0.0499325
3400 0.5 0.0495042 0.0544025 0.0494807
3450 0.5 0.0466973 0.0511449 0.046674
3500 0.5 0.0433071 0.047702 0.043285
3600 0.5 0.0363426 0.0403453 0.0363314
3700 0.406464 0.0432264 0.0471022 0.0433383
3800 0.429724 0.0501346 0.0540205 0.0502029
3900 0.44845 0.0435091 0.0466375 0.0436619
4000 0.5 0.0720696 0.0758297 0.0718
4200 0.5 0.0900007 0.093666 0.0897476
4400 0.183024 0.114573 0.1157 0.114262
4600 0.0677983 0.143102 0.141617 0.142721
4800 0.045363 0.166874 0.163232 0.166456
5000 0.0583862 0.206569 0.20219 0.206101
5200 0.0815197 0.237203 0.232923 0.236702
5400 0.110362 0.262184 0.258339 0.261883
5600 0.0786023 0.285853 0.281524 0.285421
5800 0.0861541 0.308679 0.304635 0.308301
6000 0.0608303 0.328129 0.321963 0.327735
