1100 19.3915 26.0331 36.1456 50.2815 67.4059 31.985
1105 17.3046 23.2314 32.1748 44.8701 60.1516 28.6679
1110 15.579 20.9149 29.0109 40.3959 54.1536 25.501
1115 14.184 19.042 26.4409 36.7786 49.3043 23.0429
1120 13.0533 17.5241 24.3319 33.8467 45.3739 21.1821
1125 12.099 16.243 22.5512 31.3723 42.0568 19.7303
1130 11.3148 15.1902 21.0416 29.3389 39.3309 18.1369
1135 10.586 14.2118 19.7064 27.4492 36.7976 16.9564
1140 9.97611 13.393 18.5835 25.8677 34.6775 15.8955
1145 9.41152 12.635 17.5451 24.4037 32.7149 15.0445
1150 8.91372 11.9667 16.6158 23.113 30.9845 14.0708
1155 8.03028 10.7807 14.9452 20.8222 27.9137 12.6611
1160 7.30128 9.80198 13.6034 18.932 25.3796 11.5017
1165 6.70414 9.00032 12.4971 17.3836 23.3039 10.8334
1170 6.19187 8.3126 11.5415 16.0553 21.5233 9.64094
1175 5.78864 7.77126 10.7578 15.0097 20.1216 9.12782
1180 5.40869 7.26118 10.0641 14.0246 18.8009 8.58171
1185 5.07315 6.81071 9.4479 13.1545 17.6345 8.07675
1190 4.79092 6.43182 8.92724 12.4227 16.6535 7.66456
1195 4.53028 6.0819 8.44517 11.7468 15.7475 7.40698
1200 4.30059 5.77355 8.01669 11.1513 14.9491 6.97896
1205 4.00438 5.37588 7.4639 10.3832 13.9194 6.91999
1210 3.7524 5.0376 6.97719 9.72983 13.0435 6.75999
1215 3.52099 4.72693 6.55323 9.12979 12.2391 7.04593
1220 3.31623 4.45205 6.17688 8.59887 11.5274 7.35866
1225 3.13663 4.21093 5.84526 8.13316 10.9031 7.59648
1230 2.97691 3.99651 5.54939 7.71902 10.3479 7.41807
1235 2.83118 3.80087 5.27756 7.34115 9.84133 7.15338
1240 2.7002 3.62503 5.03318 7.00153 9.38605 7.00076
1245 2.58232 3.46677 4.81319 6.69587 8.97629 6.71476
1250 2.46859 3.31409 4.5985 6.40096 8.58095 6.45895
1255 2.36042 3.16887 4.39865 6.12049 8.20495 6.11766
1260 2.25921 3.03299 4.2122 5.85805 7.85313 5.88867
1265 2.16764 2.91006 4.04074 5.62062 7.53484 5.52067
1270 2.08212 2.79525 3.88066 5.39886 7.23756 5.26345
1275 2.00353 2.68974 3.73455 5.19508 6.96437 4.96154
1280 1.92911 2.58983 3.59559 5.00211 6.70568 4.7342
1285 1.86545 2.50438 3.46861 4.83706 6.48442 4.44314
1290 1.79974 2.41616 3.34855 4.66667 6.256 4.19606
1295 1.73749 2.33258 3.23427 4.50524 6.03959 3.71564
1300 1.67843 2.25329 3.12577 4.3521 5.8343 3.6588
1305 1.61889 2.17336 3.01607 4.19772 5.62733 3.52012
1310 1.56286 2.09814 2.91255 4.05243 5.43257 3.27676
1315 1.50988 2.02701 2.81479 3.91506 5.24841 3.04557
1320 1.46046 1.96067 2.72256 3.78692 5.07664 2.77863
1325 1.41369 1.89788 2.63518 3.66564 4.91405 2.83048
1330 1.36976 1.83891 2.55322 3.55175 4.76137 2.5565
1335 1.32715 1.7817 2.47374 3.44126 4.61325 2.41003
1340 1.28778 1.72884 2.40027 3.33916 4.47638 2.40481
1345 1.254 1.6835 2.33128 3.25159 4.35898 2.11268
1350 1.21587 1.63231 2.26161 3.15271 4.22643 2.03746
1355 1.18897 1.59619 2.21239 3.08295 4.13291 2.02341
1360 1.16187 1.55981 2.16278 3.01268 4.03871 1.80936
1365 1.13517 1.52396 2.11371 2.94344 3.9459 1.95373
1370 1.10927 1.48919 2.06607 2.87629 3.85587 1.86939
1375 1.08512 1.45678 2.02156 2.81368 3.77194 1.86665
1380 1.06079 1.42411 1.97664 2.75058 3.68735 1.65753
1385 1.03797 1.39347 1.93443 2.69141 3.60803 1.61332
1390 1.01545 1.36324 1.89272 2.63302 3.52975 1.57007
1395 0.994215 1.33474 1.85334 2.57796 3.45594 1.51157
1400 0.972599 1.30572 1.81319 2.52191 3.3808 1.49886
1405 0.96509 1.29563 1.79923 2.50244 3.3547 1.48472
1410 0.956632 1.28428 1.78349 2.48051 3.3253 1.46964
1415 0.947756 1.27236 1.76698 2.4575 3.29445 1.50181
1420 0.938671 1.26017 1.75007 2.43394 3.26287 1.46119
1425 0.93014 1.24871 1.73418 2.41182 3.23321 1.38952
1430 0.921396 1.23698 1.7179 2.38915 3.20282 1.36773
1435 0.912956 1.22565 1.70215 2.36726 3.17348 1.37638
1440 0.904065 1.21371 1.68558 2.34421 3.14258 1.36741
1445 0.895298 1.20194 1.66923 2.32148 3.1121 1.34199
1450 0.885707 1.18906 1.65135 2.29661 3.07876 1.31386
1455 0.882376 1.18459 1.64512 2.28797 3.06718 1.28817
1460 0.878235 1.17903 1.63741 2.27723 3.05279 1.29094
1465 0.873846 1.17314 1.6292 2.26585 3.03753 1.30567
1470 0.86943 1.16721 1.62095 2.2544 3.02218 1.2961
1475 0.864662 1.16081 1.61207 2.24204 3.00561 1.27496
1480 0.8601 1.15469 1.60355 2.23021 2.98975 1.2723
1485 0.855451 1.14844 1.59485 2.21815 2.97359 1.29957
1490 0.850569 1.14189 1.58574 2.20549 2.95662 1.27796
1495 0.845735 1.1354 1.57671 2.19296 2.93982 1.21344
1500 0.840165 1.12792 1.56631 2.17852 2.92046 1.23675
1505 0.851583 1.14325 1.58763 2.20812 2.96015 1.24538
1510 0.862855 1.15838 1.60869 2.23735 2.99933 1.26275
1515 0.873956 1.17329 1.62942 2.26614 3.03792 1.27686
1520 0.885208 1.18839 1.6504 2.29531 3.07703 1.29139
1525 0.896781 1.20393 1.67199 2.32532 3.11726 1.31189
1530 0.908288 1.21938 1.69345 2.35516 3.15726 1.32849
1535 0.920144 1.23529 1.71555 2.3859 3.19847 1.34656
1540 0.932161 1.25143 1.73794 2.41706 3.24024 1.35769
1545 0.9443 1.26772 1.76054 2.44854 3.28244 1.38114
1550 0.956604 1.28424 1.78343 2.48044 3.3252 1.39468
1555 1.00323 1.34683 1.87003 2.60133 3.48727 1.46121
1560 1.05383 1.41477 1.96378 2.73254 3.66316 1.53376
1565 1.10955 1.48957 2.0666 2.87703 3.85686 1.60766
1570 1.17128 1.57244 2.18004 3.03708 4.07143 1.69585
1575 1.23997 1.66466 2.30561 3.2152 4.3102 1.80295
1580 1.31167 1.76092 2.44484 3.40112 4.55944 1.90827
1585 1.39609 1.87425 2.60242 3.62001 4.85288 2.02017
1590 1.49253 2.00372 2.78243 3.87008 5.18811 2.14447
1595 1.60312 2.15219 2.98696 4.15683 5.57253 2.26918
1600 1.72988 2.32237 3.22047 4.48553 6.01317 2.44989
1620 2.16684 2.90898 4.03931 5.61853 7.53203 3.06489
1640 2.89328 3.88424 5.39353 7.50218 10.0572 4.24127
1660 3.49264 4.68888 6.50095 9.0563 12.1406 4.9899
1680 3.5251 4.73246 6.56041 9.14046 12.2534 4.94207
1700 3.56421 4.78496 6.63151 9.24187 12.3894 4.88521
1720 3.22856 4.33435 6.01482 8.37154 11.2226 4.38284
1740 2.97321 3.99154 5.54241 7.70943 10.335 3.99476
1760 2.48492 3.33601 4.61878 6.4433 8.63771 3.34097
1780 1.92549 2.58497 3.57788 4.99272 6.69309 2.62236
1800 1.81003 2.42996 3.36544 4.69333 6.29175 2.23982
1820 1.29731 1.74164 2.41785 3.36388 4.50952 1.58559
1840 1.02864 1.38095 1.91692 2.66722 3.57559 1.22858
1860 0.881367 1.18324 1.64348 2.28535 3.06368 1.20932
1880 0.792004 1.06327 1.47651 2.05364 2.75305 1.2961
1900 0.720442 0.967195 1.34057 1.86808 2.5043 1.43515
1920 0.703422 0.944345 1.30988 1.82395 2.44513 1.48568
1940 0.683078 0.917034 1.27289 1.7712 2.37442 1.34149
1960 0.680499 0.913571 1.26817 1.76451 2.36545 1.20588
1980 0.693142 0.930545 1.29125 1.79729 2.4094 1.22357
2000 0.701118 0.941252 1.30566 1.81797 2.43712 1.2891
2020 0.711795 0.955587 1.32489 1.84566 2.47424 1.29876
2040 0.718957 0.965201 1.33783 1.86423 2.49913 1.36535
2060 0.724314 0.972393 1.34743 1.87812 2.51775 1.58552
2080 0.72761 0.976818 1.35335 1.88667 2.52921 1.9924
2100 0.728725 0.978315 1.35536 1.88956 2.53309 2.01573
2120 0.730068 0.980118 1.35778 1.89304 2.53775 2.0812
2140 0.728954 0.978623 1.3558 1.89015 2.53388 1.94175
2160 0.726778 0.975701 1.35193 1.88451 2.52632 1.83323
2180 0.723879 0.97181 1.34669 1.87699 2.51624 1.63553
2200 0.719873 0.966431 1.33961 1.86661 2.50232 1.63238
2220 0.727666 0.976893 1.35348 1.88681 2.5294 1.44584
2240 0.734388 0.985917 1.36554 1.90424 2.55277 1.47041
2260 0.740893 0.994651 1.37712 1.92111 2.57538 1.3463
2280 0.747477 1.00349 1.38876 1.93818 2.59827 1.39295
2300 0.751209 1.0085 1.40022 1.94786 2.61124 1.57667
2320 0.757865 1.01743 1.41267 1.96512 2.63438 1.71116
2340 0.765072 1.02711 1.42614 1.9838 2.65943 1.89581
2360 0.772905 1.03763 1.44079 2.00411 2.68666 2.25774
2380 0.781287 1.04888 1.45645 2.02585 2.71579 2.68076
2400 0.78953 1.05995 1.47188 2.04722 2.74445 2.96511
2420 0.798969 1.07262 1.48953 2.0717 2.77726 3.10092
2440 0.80721 1.08368 1.50492 2.09307 2.8059 3.10186
2460 0.815329 1.09458 1.52011 2.11412 2.83413 3.05227
2480 0.823269 1.10524 1.53497 2.13471 2.86173 2.9849
2500 0.830528 1.11499 1.54854 2.15353 2.88696 2.96126
2520 0.837794 1.12474 1.56213 2.17237 2.91222 2.64731
2540 0.844392 1.1336 1.57444 2.18948 2.93515 2.37723
2560 0.850421 1.14169 1.5857 2.20511 2.95611 2.2248
2580 0.856096 1.14931 1.5963 2.21983 2.97584 2.00893
2600 0.859974 1.15452 1.60354 2.22988 2.98932 1.87965
2620 0.884339 1.18723 1.64898 2.29306 3.07401 2.02981
2640 0.890856 1.19598 1.66118 2.30996 3.09666 1.98314
2660 0.897025 1.20426 1.67271 2.32595 3.1181 2.04871
2680 0.902646 1.2118 1.68313 2.34053 3.13764 1.96438
2700 0.907894 1.21885 1.69284 2.35414 3.15589 1.98368
2720 0.913129 1.22588 1.70269 2.36771 3.17409 1.99635
2740 0.918053 1.23249 1.71187 2.38048 3.1912 2.01624
2760 0.923452 1.23974 1.72187 2.39448 3.20997 1.99836
2780 0.928337 1.24629 1.73097 2.40714 3.22695 2.09515
2800 0.932278 1.25158 1.73827 2.41736 3.24065 2.01823
2820 0.915758 1.22941 1.7076 2.37453 3.18322 2.17937
2840 0.898168 1.20579 1.67478 2.32892 3.12208 2.26069
2860 0.879401 1.1806 1.63977 2.28026 3.05684 2.23984
2880 0.86013 1.15473 1.60377 2.23029 2.98986 2.17809
2900 0.840469 1.12833 1.56704 2.17931 2.92152 2.18461
2950 0.787647 1.05742 1.46828 2.04234 2.7379 2.67931
3000 0.932248 1.25154 1.73828 2.41729 3.24054 1.67694
3050 0.945378 1.26917 1.76269 2.45133 3.28618 1.98524
3100 0.956311 1.28385 1.78293 2.47968 3.32419 2.42768
3150 0.965943 1.29678 1.80082 2.50466 3.35767 2.85056
3200 0.973305 1.30666 1.81453 2.52374 3.38326 2.98243
3250 0.968707 1.30049 1.80605 2.51182 3.36728 3.04664
3300 0.961607 1.29096 1.79278 2.49341 3.34259 3.0295
3350 0.953073 1.2795 1.77697 2.47128 3.31293 2.87738
3400 0.943353 1.26645 1.75883 2.44608 3.27914 2.69465
3450 0.938261 1.25962 1.74937 2.43288 3.26144 2.4273
3500 0.932073 1.25131 1.73788 2.41683 3.23993 2.17822
3600 0.918329 1.23286 1.71028 2.38119 3.19216 1.85995
3700 0.946555 1.27075 1.76485 2.45438 3.29028 1.62681
3800 0.968977 1.30085 1.80646 2.51252 3.36822 1.43914
3900 0.954516 1.28144 1.77958 2.47503 3.31795 1.83105
4000 1.09191 1.46589 2.03363 2.83128 3.79554 1.99448
4200 1.26404 1.69697 2.35609 3.27761 4.39386 2.63521
4400 1.44772 1.94357 2.69904 3.75389 5.03235 3.94265
4600 1.71319 2.29996 3.18857 4.44224 5.95514 4.86525
4800 2.03739 2.7352 3.79757 5.28288 7.08207 5.90867
5000 2.31281 3.10495 4.31007 5.99704 8.03945 6.56988
5200 2.74768 3.68876 5.1221 7.12463 9.55107 7.54358
5400 3.21955 4.32225 5.9976 8.34818 11.1913 8.14906
5600 3.84993 5.16854 7.17591 9.98273 13.3826 8.9696
5800 4.4563 5.98259 8.30752 11.555 15.4903 9.58174
6000 5.52081 7.4117 10.2649 14.3153 19.1906 11.4895
