1100 1.48363e-08 8.84756
1105 1.91287 5.99964
1110 0.0017753 409.511
1115 1.09082e-08 8.2541
1120 9.23646e-05 9.45316
1125 4.29188e-05 5.93392
1130 0.576978 8.151
1135 1.85237 3.81877
1140 2.52499 3.79488
1145 2.90949 3.51793
1150 2.21866 2.84191
1155 1.84734 2.51978
1160 1.79872 2.22392
1165 1.70179 2.16981
1170 1.70952 2.15505
1175 1.57321 2.07648
1180 1.54771 2.11511
1185 1.48596 2.07359
1190 1.74947 2.07265
1195 1.71525 2.02627
1200 1.60973 1.89903
1205 1.71927 1.828
1210 2.03566 1.85419
1215 2.07327 1.74419
1220 2.01449 1.63108
1225 2.12771 1.57502
1230 2.23703 1.5065
1235 2.21086 1.4412
1240 2.05456 1.33848
1245 1.84605 1.21276
1250 1.63159 1.12876
1255 1.51297 1.06938
1260 1.48217 1.05218
1265 1.26727 0.965461
1270 1.03655 0.880772
1275 0.843514 0.819761
1280 0.650334 0.81546
1285 0.528884 0.735204
1290 0.186205 0.695602
1295 7.00575e-05 0.934472
1300 1.15969e-06 0.550228
1305 5.75123e-08 0.377574
1310 8.15884e-07 0.312262
1315 5.38911e-08 0.235944
1320 7.24423e-08 0.226804
1325 3.92726e-08 0.232031
1330 8.3453e-07 0.17297
1335 7.4501e-08 0.167112
1340 2.44019e-07 0.15196
1345 3.07754e-11 0.149453
1350 2.16022e-08 0.131244
1355 4.1369e-07 0.122434
1360 3.33067e-13 0.122232
1365 3.95021e-08 0.13159
1370 1.05581e-06 0.1378
1375 2.98275e-05 0.139789
1380 5.93975e-07 0.149917
1385 2.18481e-07 0.194978
1390 8.93609e-09 0.255583
1395 1.27128e-07 0.627473
1400 0.0485708 0.319021
1405 0.0907738 0.241038
1410 0.146663 0.25542
1415 0.160971 0.242972
1420 0.13759 0.227703
1425 0.136364 0.225657
1430 0.12239 0.222626
1435 0.0778699 0.218849
1440 0.0487328 0.238064
1445 0.000122819 1.08356
1450 3.03567e-06 0.309565
1455 1.30225e-05 0.186597
1460 3.09987e-07 0.129753
1465 1.3419e-08 0.111582
1470 1.702e-07 0.101519
1475 3.47733e-07 0.0945225
1480 2.38972e-06 0.093892
1485 1.45766e-05 0.089015
1490 3.95377e-08 0.0854504
1495 6.1156e-07 0.083728
1500 7.13098e-06 0.0875124
1505 1.43747e-06 0.0852435
1510 4.0604e-06 0.0851384
1515 4.78124e-06 0.0846282
1520 1.15168e-06 0.0895359
1525 4.87296e-07 0.0932418
1530 9.94917e-07 0.106666
1535 1.51701e-07 0.120979
1540 1.80675e-06 0.15356
1545 9.17473e-08 0.198233
1550 5.93124e-06 1.25185
1555 0.00533028 1.71468
1560 0.101791 0.2924
1565 0.129458 0.302797
1570 0.183236 0.361096
1575 0.215564 0.386915
1580 0.239065 0.374126
1585 0.263357 0.41008
1590 0.240958 0.433549
1595 0.193993 0.459326
1600 0.18199 0.489459
1620 1.06348e-10 0.678922
1640 1.63126e-06 0.379385
1660 4.34472e-06 0.359035
1680 2.44179e-06 0.334272
1700 2.74185e-06 0.351728
1720 1.58124e-09 0.349044
1740 3.43056e-09 0.288604
1760 1.32188e-09 0.245777
1780 2.96763e-11 0.194541
1800 8.72635e-12 0.196738
1820 1.66533e-13 0.162822
1840 4.22995e-12 0.114286
1860 9.57041e-08 0.0875347
1880 1.73195e-12 0.0869464
1900 2.83107e-12 0.103904
1920 3.39728e-12 0.141637
1940 4.22995e-12 0.117922
1960 3.36824e-07 0.129112
1980 5.9674e-07 0.224833
2000 7.74672e-06 0.50256
2020 0.00118897 5.78322
2040 0.0403427 0.493511
2060 0.176487 0.292032
2080 0.288871 0.281438
2100 0.275564 0.272821
2120 0.278802 0.287691
2140 0.217371 0.282826
2160 0.128027 0.29015
2180 0.06536 0.272087
2200 0.0503848 0.333349
2220 0.0115494 1.23709
2240 1.25681e-05 0.315741
2260 1.11816e-07 0.206522
2280 9.41142e-07 0.137243
2300 1.54763e-08 0.155168
2320 3.96408e-07 0.190912
2340 1.14041e-05 2.52324
2360 0.170369 0.305828
2380 0.309213 0.317633
2400 0.390803 0.320147
2420 0.458053 0.335705
2440 0.472663 0.338625
2460 0.460295 0.344941
2480 0.44788 0.34604
2500 0.357879 0.340675
2520 0.239113 0.319679
2540 0.098613 0.320602
2560 0.000161653 1.09261
2580 3.51313e-06 0.271616
2600 2.30626e-07 0.309582
2620 1.8493e-07 0.354292
2640 5.67856e-05 1.67229
2660 0.0398986 0.407366
2680 0.0544085 0.364725
2700 0.0725045 0.302865
2720 0.0506026 0.438213
2740 0.00272749 1.40913
2760 0.000411338 1.29224
2780 4.51272e-10 0.532314
2800 3.13216e-10 0.303938
2820 2.52764e-10 0.230364
2840 1.34293e-10 0.213688
2860 1.96509e-12 0.146753
2880 1.89848e-12 0.134581
2900 2.34343e-08 0.125498
2950 7.4688e-08 0.116082
3000 3.72102e-10 0.0953716
3050 2.47802e-11 0.101887
3100 5.36404e-10 0.175626
3150 0.000158905 2.45055
3200 0.0491255 0.381537
3250 0.0989103 0.291528
3300 0.116071 0.297605
3350 0.0320466 0.549113
3400 3.47722e-11 0.66949
3450 4.76585e-10 0.192825
3500 0 0.136213
3600 0 0.11009
3700 1.9984e-12 0.13396
3800 6.30496e-11 0.112522
3900 5.66214e-13 0.108585
4000 5.82867e-12 0.141004
4200 1.64219e-05 0.455985
4400 0.353045 0.516447
4600 0.776483 0.646034
4800 1.22103 0.818815
5000 1.29882 0.944875
5200 1.43475 1.13415
5400 1.51094 1.30284
5600 1.5373 1.46921
5800 1.60494 1.60069
6000 1.63342 1.795
