110 0.5 0.4558
110.5 0.5 0.4444
111 0.5 0.4330
111.5 0.5 0.4232
112 0.5 0.4134
112.5 0.5 0.4048
113 0.5 0.3962
113.5 0.5 0.38848900
114 0.5 0.38079000
114.5 0.5 0.37341600
115 0.5 0.36604200
115.5 0.5 0.35066850
116 0.5 0.33529500
116.5 0.5 0.32152300
117 0.5 0.30775100
117.5 0.5 0.29534550
118 0.5 0.28294000
118.5 0.5 0.27157000
119 0.5 0.26020000
119.5 0.5 0.24930300
120 0.5 0.23840600
120.5 0.5 0.22154900
121 0.5 0.20560500
121.5 0.271924 0.19054800
122 0.15872 0.17633600
122.5 0.0890297 0.16292500
123 0.0383461 0.15015400
123.5 0.0277593 0.13819500
124 0.0211737 0.12683800
124.5 0.0158386 0.11607600
125 0.0166722 0.10591600
125.5 0.0185061 0.09444600
126 0.0244526 0.08379470
126.5 0.0288429 0.07406520
127 0.0462154 0.06523800
127.5 0.0717184 0.05727520
128 0.0899088 0.05009100
128.5 0.154968 0.04366020
129 0.176059 0.03788830
129.5 0.303601 0.03275830
130 0.5 0.02817090
130.5 0.5 0.0243793
131 0.5 0.02104950
131.5 0.5 0.018056
132 0.5 0.01548770
132.5 0.5 0.0132083
133 0.5 0.01127580
133.5 0.5 0.00956252
134 0.5 0.00810783
134.5 0.5 0.00681662
135 0.5 0.00571531
135.5 0.5 0.00486682
136 0.5 0.00413413
136.5 0.5 0.00347945
137 0.5 0.00292551
137.5 0.5 0.00243983
138 0.5 0.00203183
138.5 0.5 0.00167607
139 0.5 0.00138178
139.5 0.5 0.00114798
140 0.5 0.00091423
140.5 0.5 0.000809668
141 0.5 0.00071505
141.5 0.5 0.000624956
142 0.5 0.00054781
142.5 0.5 0.000476183
143 0.5 0.00041488
143.5 0.5 0.000359193
144 0.312965 0.00031228
144.5 0.275675 0.000268863
145 0.280639 0.00023160
145.5 0.23569 0.000220065
146 0.246638 0.00020935
146.5 0.23744 0.00019837
147 0.237412 0.00018740
147.5 0.285822 0.000176471
148 0.336021 0.00016729
148.5 0.334172 0.000157441
149 0.5 0.00014896
149.5 0.5 0.00014024
150 0.5 0.00013151
150.5 0.5 0.00015726
151 0.5 0.000180282
151.5 0.5 0.000205622
152 0.5 0.00023450
152.5 0.5 0.000265733
153 0.5 0.000301022
153.5 0.5 0.000340318
154 0.5 0.00038447
154.5 0.5 0.000430848
155 0.5 0.000481295
155.5 0.5 0.000726423
156 0.5 0.00108208
156.5 0.389433 0.0015874
157 0.288399 0.00230985
157.5 0.254509 0.00332632
158 0.224742 0.00474944
158.5 0.199794 0.00670373
159 0.189184 0.00938533
159.5 0.220255 0.0130087
160 0.232108 0.01783110
162 0.286095 0.04173260
164 0.5 0.08860910
166 0.5 0.12749000
168 0.5 0.13348800
170 0.343842 0.14027400
172 0.257601 0.09698720
174 0.317833 0.06950800
176 0.5 0.05259730
178 0.5 0.04225950
180 0.5 0.03597640
182 0.5 0.02064820
184 0.5 0.01260010
186 0.5 0.00804732
188 0.5 0.00526813
190 0.5 0.00344660
192 0.5 0.00221095
194 0.5 0.00140649
196 0.5 0.00084812
198 0.5 0.00048412
200 0.340174 0.00025873
202 0.291127 0.00033532
204 0.162297 0.00041090
206 0.102762 0.00048605
208 0.0797236 0.00056266
210 0.0886053 0.00063818
212 0.136894 0.00071103
214 0.264755 0.00078050
216 0.349844 0.00084486
218 0.5 0.00090421
220 0.437388 0.00095877
222 0.5 0.00100741
224 0.5 0.00105062
226 0.5 0.00108927
228 0.5 0.00112805
230 0.376641 0.00116692
232 0.276456 0.00120728
234 0.161084 0.00124785
236 0.072994 0.00128581
238 0.0488951 0.00132551
240 0.0255843 0.00136356
242 0.0153384 0.00140382
244 0.0135197 0.00144817
246 0.0181576 0.00149317
248 0.0305253 0.00154180
250 0.0334051 0.00159240
252 0.0986087 0.00164638
254 0.155628 0.00170974
256 0.279032 0.00178303
258 0.40174 0.00184657
260 0.366364 0.00192090
262 0.369093 0.00220716
264 0.26624 0.00222676
266 0.224499 0.00223291
268 0.21301 0.00223620
270 0.136864 0.00223526
272 0.211252 0.00222765
274 0.232471 0.00222052
276 0.289187 0.00221647
278 0.326927 0.00220724
280 0.428628 0.00220209
282 0.5 0.00219910
284 0.5 0.00219397
286 0.5 0.00219087
288 0.5 0.00218866
290 0.5 0.00218303
295 0.5 0.00217639
300 0.5 0.00222054
305 0.5 0.00223350
310 0.5 0.00225531
315 0.398855 0.00226302
320 0.300767 0.00226212
325 0.290467 0.00224405
330 0.288963 0.00220259
335 0.432877 0.00215343
340 0.5 0.00209852
345 0.5 0.00206303
350 0.5 0.00203682
360 0.5 0.00202709
370 0.5 0.00304320
380 0.5 0.00424068
390 0.5 0.00569265
400 0.5 0.00768979
420 0.5 0.01398950
440 0.113371 0.02510420
460 0.0343448 0.04315680
480 0.0163388 0.05600870
500 0.0196732 0.07135540
520 0.0333444 0.08937630
540 0.0503501 0.11281800
560 0.0693565 0.14313100
580 0.0710237 0.18275600
600 0.10937 0.23395500
