1100 0.606058 0.366722 0.367034 0.366743
1105 0.336738 0.357642 0.357217 0.356273
1110 0.461613 0.349017 0.34868 0.349103
1115 0.595876 0.340852 0.340554 0.340851
1120 0.580677 0.333119 0.332607 0.333452
1125 0.619594 0.325789 0.325181 0.325817
1130 0.410816 0.318894 0.317489 0.317616
1135 0.255908 0.31227 0.310137 0.309084
1140 0.180917 0.305964 0.303069 0.301909
1145 0.11875 0.299871 0.29618 0.29496
1150 0.128738 0.294344 0.290131 0.289702
1155 0.146459 0.279576 0.275085 0.274912
1160 0.117622 0.265708 0.260753 0.260639
1165 0.123868 0.252757 0.247413 0.247339
1170 0.125387 0.240364 0.23458 0.234575
1175 0.144305 0.228947 0.222893 0.222872
1180 0.161219 0.218202 0.212246 0.211617
1185 0.170166 0.208048 0.201906 0.200615
1190 0.137366 0.198255 0.191409 0.190548
1195 0.139022 0.189171 0.181808 0.180963
1200 0.131783 0.180312 0.172535 0.171344
1205 0.0983068 0.167777 0.159234 0.158462
1210 0.0575599 0.155956 0.14546 0.144751
1215 0.0409519 0.145072 0.133577 0.133221
1220 0.033654 0.135016 0.122995 0.122985
1225 0.0216157 0.125717 0.112439 0.112788
1230 0.0106977 0.117073 0.102471 0.103681
1235 0.00812836 0.109022 0.0939791 0.0954529
1240 0.00779079 0.101395 0.0865268 0.0878318
1245 0.00846178 0.0943128 0.0798015 0.0813689
1250 0.0124826 0.0874436 0.0738044 0.0750043
1255 0.0143577 0.0791489 0.0658701 0.0670284
1260 0.0160578 0.0714008 0.0587425 0.0594273
1265 0.0259023 0.0642258 0.0527936 0.0531938
1270 0.0459142 0.0576512 0.0475729 0.0476023
1275 0.077836 0.0515574 0.0428418 0.0423676
1280 0.132542 0.0459557 0.0380109 0.0382825
1285 0.171355 0.0408993 0.0338918 0.0339412
1290 0.350795 0.0362588 0.0306099 0.0324785
1295 0.548394 0.0320174 0.0276077 0.0321088
1300 0.68436 0.0280815 0.0242984 0.0281045
1305 0.748179 0.0251254 0.0221537 0.0251251
1310 0.784458 0.0223588 0.0197667 0.0224045
1315 0.823003 0.0198416 0.0180448 0.0198408
1320 0.82195 0.0175452 0.0158153 0.0175405
1325 0.815719 0.0154806 0.0136829 0.0152487
1330 0.861223 0.0136253 0.0129363 0.0134936
1335 0.860271 0.0119611 0.0114135 0.0118647
1340 0.865379 0.0104646 0.0102888 0.0104253
1345 0.862489 0.00911706 0.00883835 0.00902003
1350 0.874394 0.00789882 0.00812097 0.00789751
1355 0.891831 0.00691987 0.00739216 0.00692379
1360 0.877938 0.00603445 0.00624733 0.00603626
1365 0.864234 0.00526691 0.00510463 0.00523042
1370 0.864323 0.0045739 0.00435053 0.00453731
1375 0.848 0.00396324 0.00387421 0.00391783
1380 0.835498 0.00342986 0.00332068 0.00339342
1385 0.781643 0.00295608 0.0028083 0.00299352
1390 0.711117 0.0025409 0.00242977 0.00250387
1395 0.563621 0.00217653 0.00201709 0.00216156
1400 0.365644 0.00185586 0.00169248 0.00165653
1405 0.293554 0.00173569 0.00159874 0.00147335
1410 0.214141 0.00161097 0.00138023 0.00127047
1415 0.178406 0.00149124 0.00133013 0.00115172
1420 0.204791 0.0013794 0.00130726 0.00109113
1425 0.20208 0.00126675 0.00120766 0.00100221
1430 0.226484 0.00116452 0.00111595 0.000929219
1435 0.299091 0.00106643 0.00104936 0.000906307
1440 0.355609 0.000972557 0.000980668 0.000864949
1445 0.46908 0.000882214 0.000903926 0.000867497
1450 0.614771 0.000793542 0.000873915 0.000794386
1455 0.737977 0.000774506 0.000858318 0.000781684
1460 0.812222 0.000750819 0.000830258 0.000762805
1465 0.840155 0.000723108 0.000851382 0.000714831
1470 0.856714 0.000692082 0.000829627 0.000692526
1475 0.868775 0.000659701 0.000805287 0.00065856
1480 0.870554 0.000626394 0.000750531 0.000622374
1485 0.888319 0.000591348 0.000733181 0.000583021
1490 0.884239 0.000555846 0.000730564 0.000553478
1495 0.889557 0.000520349 0.000682043 0.000520103
1500 0.882151 0.00048369 0.000591944 0.000480927
1505 0.884665 0.000530506 0.000675301 0.000528049
1510 0.888096 0.000578753 0.000754806 0.000571672
1515 0.888916 0.000629568 0.000854126 0.000628245
1520 0.880936 0.000683557 0.000887704 0.000680625
1525 0.873923 0.000741625 0.00097935 0.000742034
1530 0.855333 0.000806193 0.00103404 0.000808494
1535 0.830683 0.000873894 0.00111112 0.000874705
1540 0.78965 0.000946409 0.00116616 0.000951468
1545 0.729619 0.00102617 0.00121837 0.00101574
1550 0.450863 0.00110899 0.00126294 0.00110153
1555 0.42028 0.00156147 0.00176704 0.00152629
1560 0.308316 0.00218676 0.00236079 0.00206433
1565 0.276547 0.00305459 0.00329626 0.00288447
1570 0.232878 0.00425154 0.00448367 0.00396758
1575 0.213861 0.00588086 0.00613678 0.00549086
1580 0.195797 0.00810364 0.00840738 0.00760455
1585 0.189845 0.011095 0.0112595 0.0103976
1590 0.229562 0.0150915 0.0153429 0.0142736
1595 0.281985 0.0203961 0.0206578 0.0196831
1600 0.298452 0.0273416 0.0275613 0.0266622
1620 0.670783 0.0559014 0.0569139 0.0559472
1640 0.848613 0.106791 0.10876 0.106566
1660 0.879228 0.144526 0.14662 0.144264
1680 0.887964 0.145927 0.148531 0.145928
1700 0.883984 0.148174 0.151094 0.148174
1720 0.889501 0.129656 0.1331 0.129435
1740 0.91547 0.115733 0.119028 0.115723
1760 0.926223 0.0862075 0.0900831 0.0858886
1780 0.94732 0.0536909 0.057941 0.0536861
1800 0.922078 0.0349064 0.0389943 0.0348357
1820 0.813356 0.00644907 0.0084439 0.00645564
1840 0.840689 0.00113027 0.00193138 0.00112966
1860 0.92571 0.000322554 0.000684032 0.000320705
1880 0.940329 0.000153903 0.000375499 0.0001539
1900 0.81964 7.19099e-05 0.000205361 7.19028e-05
1920 0.688394 7.40492e-05 0.000212758 7.40455e-05
1940 0.753002 6.84888e-05 0.000200115 6.8482e-05
1960 0.76323 7.1241e-05 0.000195772 7.12681e-05
1980 0.594126 8.29499e-05 0.000212609 8.28709e-05
2000 0.44416 8.72951e-05 0.000219496 8.69863e-05
2020 0.361724 0.000107034 0.00023986 0.000106398
2040 0.303997 0.000122314 0.000254547 0.000121708
2060 0.162498 0.000132646 0.000258761 0.000130032
2080 0.0766672 0.00013784 0.000249107 0.000136811
2100 0.07833 0.000137563 0.000253717 0.0001357
2120 0.0875405 0.000153671 0.000276536 0.000150483
2140 0.127824 0.000167002 0.000301886 0.000166116
2160 0.203338 0.000178761 0.000333961 0.000177849
2180 0.270914 0.000188723 0.00036471 0.000187932
2200 0.288991 0.000196778 0.000383069 0.000196191
2220 0.34456 0.000215196 0.000422792 0.000214684
2240 0.545704 0.000232324 0.00047824 0.000232317
2260 0.619214 0.000249263 0.000516798 0.000249256
2280 0.761858 0.000265936 0.000552769 0.000265929
2300 0.740103 0.000282153 0.00055211 0.000282147
2320 0.664536 0.000297925 0.000575952 0.000297919
2340 0.376902 0.000312948 0.000554244 0.000312733
2360 0.180963 0.000328864 0.000540038 0.00032859
2380 0.0842417 0.000345447 0.000533988 0.000345702
2400 0.0475699 0.000362631 0.000536216 0.000361119
2420 0.0322218 0.00039002 0.000555572 0.000390044
2440 0.0300501 0.000419157 0.000590749 0.000419397
2460 0.0367122 0.000450314 0.000630942 0.000450786
2480 0.0398939 0.00048558 0.000673491 0.000490721
2500 0.0699837 0.000524277 0.000745949 0.000522418
2520 0.132145 0.000566885 0.000850273 0.000565736
2540 0.257612 0.000613321 0.000952342 0.000613457
2560 0.40742 0.000662439 0.00105747 0.000660481
2580 0.610543 0.000713145 0.0011557 0.000713135
2600 0.583791 0.000763581 0.00122257 0.000766049
2620 0.565699 0.000944937 0.00150745 0.00094483
2640 0.400265 0.000988317 0.00153942 0.000987691
2660 0.336238 0.00102904 0.00161612 0.00102934
2680 0.319197 0.0010657 0.00165794 0.00106731
2700 0.299346 0.00109999 0.00168922 0.00109976
2720 0.323865 0.00113163 0.00175681 0.00113138
2740 0.390172 0.00116206 0.00180358 0.00116219
2760 0.422877 0.00119181 0.0018949 0.00119034
2780 0.457351 0.00121806 0.00196018 0.00121806
2800 0.589514 0.00123619 0.00207831 0.00123614
2820 0.645352 0.00127098 0.00216159 0.00127071
2840 0.667174 0.00129711 0.00215665 0.0012965
2860 0.798237 0.00132569 0.00226106 0.00132568
2880 0.82555 0.00135202 0.00234136 0.00135199
2900 0.834813 0.00138244 0.00241648 0.00138245
2950 0.866107 0.00146239 0.00247474 0.00146238
3000 0.949699 0.00158935 0.00290077 0.00158935
3050 0.946113 0.00166211 0.00294195 0.0016621
3100 0.745898 0.00170863 0.00291382 0.00170866
3150 0.419493 0.00174728 0.00285497 0.00174737
3200 0.339936 0.00175253 0.0027977 0.00175239
3250 0.279892 0.00171336 0.00273736 0.00171219
3300 0.262848 0.00164526 0.00264033 0.00164707
3350 0.364131 0.00155631 0.00258445 0.00155614
3400 0.453716 0.00146208 0.00252074 0.00145754
3450 0.725265 0.00129895 0.00232807 0.00129894
3500 0.869492 0.0011363 0.00216261 0.0011363
3600 0.90208 0.000850614 0.00183822 0.000850616
3700 0.803373 0.00124289 0.0026227 0.00124289
3800 0.878784 0.00168842 0.00372191 0.00168843
3900 0.936148 0.00270163 0.00555766 0.00270162
4000 0.909854 0.00410971 0.00733943 0.00409709
4200 0.613211 0.00888245 0.0131793 0.00885238
4400 0.167099 0.0176528 0.021506 0.0176419
4600 0.0420662 0.0292688 0.0308758 0.0292859
4800 0.0127611 0.0480966 0.0456179 0.0479656
5000 0.0207715 0.0676451 0.0639671 0.0677794
5200 0.0347728 0.0938925 0.0888428 0.0934688
5400 0.0464512 0.120703 0.114939 0.120789
5600 0.0574805 0.14908 0.14328 0.149083
5800 0.0633428 0.176535 0.171168 0.17656
6000 0.0842537 0.20518 0.19879 0.204824
