1100 0.633509 0.37126 0.371039 0.37126
1105 0.362782 0.362269 0.361617 0.361259
1110 0.552938 0.35373 0.353222 0.35372
1115 0.628425 0.345658 0.345368 0.345657
1120 0.618464 0.338061 0.337594 0.338113
1125 0.647101 0.330829 0.330692 0.330872
1130 0.429846 0.324018 0.32325 0.323431
1135 0.280795 0.317496 0.316154 0.315605
1140 0.200605 0.311263 0.309437 0.309173
1145 0.131355 0.305265 0.302692 0.302114
1150 0.139145 0.299278 0.297137 0.296774
1155 0.158364 0.284259 0.282086 0.281968
1160 0.126937 0.270659 0.267888 0.267936
1165 0.134789 0.257805 0.25478 0.254858
1170 0.137022 0.245731 0.24259 0.242381
1175 0.158276 0.234359 0.231188 0.231282
1180 0.178407 0.223661 0.220429 0.220183
1185 0.189323 0.213523 0.210211 0.20988
1190 0.156118 0.203937 0.200138 0.199808
1195 0.159636 0.194775 0.190611 0.190373
1200 0.152012 0.185889 0.181436 0.181137
1205 0.114159 0.173092 0.168089 0.167725
1210 0.069442 0.161133 0.154873 0.153766
1215 0.0502686 0.15007 0.142793 0.142326
1220 0.041938 0.139814 0.132042 0.13179
1225 0.027549 0.130293 0.12146 0.121571
1230 0.0140088 0.121408 0.11118 0.112357
1235 0.0106285 0.113106 0.10248 0.103335
1240 0.0101056 0.105298 0.0945699 0.0949348
1245 0.0108511 0.0979216 0.0876099 0.0887939
1250 0.0158502 0.0907078 0.0814703 0.0824697
1255 0.0180529 0.0821324 0.0733608 0.074237
1260 0.0202221 0.0741075 0.0656467 0.066239
1265 0.0322576 0.0666878 0.0594773 0.0598892
1270 0.0562241 0.0598979 0.0539349 0.0535036
1275 0.0932658 0.0536583 0.0486911 0.04872
1280 0.155569 0.0479154 0.0439154 0.04397
1285 0.197035 0.0426707 0.0391481 0.0393139
1290 0.378331 0.0378625 0.0357186 0.03656
1295 0.593526 0.033433 0.0323063 0.0334223
1300 0.701377 0.0293554 0.0286765 0.0293609
1305 0.766423 0.0262358 0.0260683 0.0262313
1310 0.79582 0.0233535 0.0232453 0.0233653
1315 0.834195 0.0206742 0.021302 0.0207089
1320 0.833925 0.0182823 0.0188036 0.0183012
1325 0.825012 0.0161367 0.0164567 0.0161551
1330 0.866687 0.0141934 0.0153751 0.0140822
1335 0.865286 0.0124467 0.0135586 0.0123769
1340 0.872771 0.010868 0.0121379 0.0107753
1345 0.869645 0.00946064 0.0105379 0.00946071
1350 0.88149 0.00818841 0.00949772 0.00811668
1355 0.885128 0.00716499 0.00845387 0.0071487
1360 0.885521 0.00624379 0.00740889 0.00624386
1365 0.872141 0.00542084 0.00622107 0.00538968
1370 0.863625 0.00469699 0.00536868 0.00466935
1375 0.858246 0.00406216 0.00471224 0.00408393
1380 0.84531 0.00349868 0.0040447 0.00348964
1385 0.799695 0.00301428 0.00342761 0.00301964
1390 0.738806 0.00258619 0.00295486 0.00259414
1395 0.593277 0.00221516 0.00246015 0.00221079
1400 0.417867 0.00188985 0.00208847 0.00181013
1405 0.337483 0.00176545 0.00197917 0.00165686
1410 0.250187 0.00164071 0.00171274 0.00146249
1415 0.20898 0.0015196 0.00165894 0.00134255
1420 0.235116 0.00140311 0.00160019 0.00124209
1425 0.234805 0.0012935 0.00147102 0.00114088
1430 0.261734 0.00119047 0.00136075 0.00106004
1435 0.342811 0.00109189 0.00128779 0.00101562
1440 0.405437 0.000997629 0.00120021 0.000940244
1445 0.551775 0.000907113 0.00111665 0.000908779
1450 0.649915 0.000818707 0.00107399 0.000802335
1455 0.758828 0.000801807 0.00105882 0.000809891
1460 0.825542 0.000780561 0.00103593 0.000783675
1465 0.850865 0.000755857 0.0010446 0.000758417
1470 0.86602 0.000728098 0.00101932 0.000731283
1475 0.877686 0.000699204 0.00100242 0.000704544
1480 0.878496 0.000669163 0.000942928 0.000675561
1485 0.88598 0.000637391 0.000925085 0.000645815
1490 0.891609 0.000605078 0.000914408 0.000606152
1495 0.895768 0.00057247 0.000862612 0.000584431
1500 0.888192 0.000538324 0.000785188 0.000545588
1505 0.892889 0.000598064 0.000892102 0.00060945
1510 0.892637 0.000661135 0.000995406 0.000673943
1515 0.896839 0.000729303 0.00113204 0.000740639
1520 0.88885 0.000803386 0.00120145 0.000801963
1525 0.883988 0.000883974 0.00131972 0.00088506
1530 0.866913 0.000972273 0.00140798 0.000967023
1535 0.844869 0.00106924 0.00150337 0.00107215
1540 0.810485 0.00117385 0.00159266 0.00116575
1545 0.759099 0.00128783 0.001671 0.0012902
1550 0.555292 0.00140802 0.00175117 0.00139464
1555 0.457721 0.00199608 0.00240545 0.00199513
1560 0.348583 0.0027958 0.00320198 0.00268955
1565 0.312971 0.00389448 0.0044059 0.0037409
1570 0.265506 0.00538391 0.00589866 0.00517979
1575 0.244192 0.007395 0.00792942 0.00711027
1580 0.223477 0.0100808 0.0106453 0.00956727
1585 0.217327 0.0136346 0.0140591 0.0129869
1590 0.260471 0.0183106 0.0188585 0.0175253
1595 0.317634 0.0243933 0.0250167 0.0236578
1600 0.33439 0.0322352 0.0328306 0.0313452
1620 0.705015 0.0635541 0.0650977 0.0635545
1640 0.858957 0.116946 0.119407 0.116579
1660 0.888556 0.155761 0.158246 0.155637
1680 0.896708 0.157569 0.16058 0.15758
1700 0.893321 0.160437 0.163596 0.160425
1720 0.900329 0.142736 0.146022 0.142739
1740 0.925309 0.129472 0.133318 0.129473
1760 0.936686 0.0998642 0.104192 0.0998651
1780 0.957302 0.066094 0.0706928 0.0660937
1800 0.939429 0.0459429 0.0502056 0.0459428
1820 0.853081 0.0108302 0.0135423 0.0108301
1840 0.879022 0.00257211 0.00398071 0.002572
1860 0.952342 0.000972987 0.00175923 0.000970707
1880 0.965331 0.000584956 0.00112809 0.000584927
1900 0.885625 0.000351618 0.000726174 0.0003516
1920 0.774183 0.000393697 0.000783449 0.00039368
1940 0.837727 0.000398121 0.000776047 0.000398107
1960 0.863558 0.000441868 0.000784131 0.000440505
1980 0.712144 0.000535901 0.000861356 0.000534952
2000 0.597332 0.000590069 0.000906729 0.000589641
2020 0.46075 0.000709423 0.000936599 0.000706661
2040 0.43046 0.00079806 0.000961528 0.000770791
2060 0.253218 0.000853383 0.000901178 0.000741205
2080 0.124384 0.000875358 0.000842364 0.000685473
2100 0.126569 0.00086451 0.000849501 0.000690292
2120 0.143599 0.00093291 0.00087148 0.000736407
2140 0.205841 0.000981734 0.000958347 0.000818991
2160 0.312602 0.00101866 0.00106642 0.00091864
2180 0.395299 0.0010441 0.00117545 0.000980785
2200 0.413303 0.00105814 0.00121602 0.00101548
2220 0.458636 0.00111956 0.00134013 0.00111627
2240 0.664766 0.00117232 0.00154456 0.00116667
2260 0.747905 0.00122187 0.00165259 0.00122079
2280 0.869578 0.00126618 0.00174593 0.00125647
2300 0.863766 0.00130556 0.00169477 0.00131267
2320 0.798245 0.00134167 0.00173045 0.00134328
2340 0.542766 0.00137232 0.00158516 0.00137234
2360 0.269562 0.00140298 0.00146815 0.0012642
2380 0.132348 0.00143498 0.0013874 0.00118994
2400 0.0761624 0.0014673 0.00132743 0.00115542
2420 0.0526488 0.00154053 0.00133345 0.00116593
2440 0.0491502 0.00161617 0.00139675 0.0012216
2460 0.0601221 0.00169621 0.00146793 0.00129902
2480 0.0650717 0.00178492 0.00155908 0.00137963
2500 0.111355 0.00187737 0.00173896 0.00153568
2520 0.19967 0.00198233 0.0020041 0.00174342
2540 0.364197 0.00209189 0.00226763 0.00198088
2560 0.566048 0.00220636 0.00252402 0.00220956
2580 0.758212 0.00232264 0.00273214 0.00232397
2600 0.725414 0.00243379 0.00287397 0.00243695
2620 0.691294 0.00286567 0.00343076 0.00286732
2640 0.549118 0.0029569 0.00348023 0.00295825
2660 0.433355 0.00303673 0.00363096 0.00298786
2680 0.4161 0.00310115 0.00371929 0.00303624
2700 0.39298 0.00315399 0.0037273 0.00308973
2720 0.41763 0.00320199 0.0038926 0.00314994
2740 0.540599 0.00324311 0.00393576 0.00324771
2760 0.558415 0.00328099 0.00413488 0.00327228
2780 0.613966 0.00331066 0.00424143 0.00331071
2800 0.687303 0.0033232 0.00448578 0.00332318
2820 0.738038 0.0033804 0.00467088 0.00338038
2840 0.761725 0.00341934 0.00460401 0.00341935
2860 0.876521 0.00346215 0.00485404 0.00346215
2880 0.896219 0.00349937 0.00501419 0.00349934
2900 0.89807 0.00354424 0.00515501 0.003528
2950 0.918179 0.00366046 0.00522548 0.00368332
3000 0.970705 0.00387892 0.00600085 0.00387875
3050 0.967041 0.00399047 0.00602668 0.00399035
3100 0.820244 0.00403566 0.00578393 0.00403562
3150 0.544201 0.00405815 0.00551947 0.00407011
3200 0.41971 0.0040158 0.00532376 0.00395442
3250 0.356605 0.00390828 0.00517711 0.00378911
3300 0.336597 0.00374347 0.00495438 0.00361312
3350 0.446564 0.00353453 0.00491535 0.00349969
3400 0.584018 0.00331071 0.00480365 0.00331068
3450 0.796915 0.00297947 0.00451825 0.00297945
3500 0.913214 0.00264604 0.00424068 0.00264603
3600 0.933594 0.00204125 0.00369459 0.00204118
3700 0.85694 0.00281536 0.00506507 0.00281526
3800 0.916836 0.00362478 0.00683308 0.00362467
3900 0.955205 0.00538167 0.00964742 0.00538151
4000 0.935299 0.00762671 0.0119432 0.0076106
4200 0.69334 0.014546 0.0194872 0.0145395
4400 0.21945 0.025942 0.0291507 0.0249327
4600 0.0595462 0.0400216 0.0394087 0.0375108
4800 0.0187878 0.061416 0.0550573 0.0568597
5000 0.0300096 0.0826081 0.0758178 0.0784178
5200 0.0499998 0.110016 0.101786 0.105537
5400 0.0659516 0.137611 0.129098 0.133201
5600 0.0792448 0.165764 0.156848 0.161896
5800 0.0855896 0.192828 0.185895 0.189319
6000 0.111464 0.220731 0.21396 0.217789
